120,28.080000000000005
121,24.07
122,-10.25
123,139.42000000000002
124,-10.69
125,23.0
126,145.03
127,142.23000000000002
128,142.79
129,144.55
130,143.48000000000002
131,26.940000000000005
132,-10.79
133,23.78
134,140.97
135,-10.19
136,145.04
137,-10.28
138,146.26
139,143.18
140,143.93
141,139.87
142,139.57
143,142.43
144,143.56
145,23.93
146,142.45
147,-10.3
148,27.919999999999995
149,141.45
150,27.65
151,142.54
152,141.51999999999998
153,140.17000000000002
154,143.92000000000002
155,142.12
156,138.94
157,140.49
158,142.43
159,141.27
160,140.9
161,140.49
162,146.72
163,-10.24
164,139.36
165,141.15
166,139.67000000000002
167,142.47
168,141.48000000000002
169,143.87
170,144.92
171,-10.31
172,141.62
173,142.24
174,-10.31
175,145.01
176,147.33
177,145.7
178,144.19
179,145.38
180,146.07
181,148.41
182,147.14
183,148.54
184,147.2
185,148.51
186,147.3
187,147.25
188,147.25
189,148.65
190,148.66
191,149.67000000000002
192,148.23
193,148.74
194,138.27
195,143.42000000000002
196,146.29
197,146.29
198,146.1
199,145.98000000000002
200,146.15
201,147.43
202,147.16
203,147.19
204,148.56
205,147.10999999999999
206,148.07
207,147.23
208,148.42
209,148.04
210,146.31
211,145.3
212,142.22
213,147.68
214,145.22
215,146.24
216,145.91
217,148.73
218,147.26
219,147.1
220,147.85
221,145.33
222,146.01
223,147.34
224,147.25
225,147.55
226,147.27
227,149.82
228,147.83
229,149.26999999999998
230,148.3
231,149.71
232,148.98000000000002
233,148.85
234,146.93
235,146.72
236,146.1
237,148.05
238,147.18
239,146.97
240,145.94
241,146.92
242,147.28
243,146.64
244,148.26
245,146.01
246,146.87
247,147.27
248,147.33
249,21.01
250,22.009999999999998
251,21.01
252,19.009999999999994
253,149.09
254,19.01
255,-10.25
256,146.04
257,146.02
258,146.02
259,146.61
260,147.84
261,149.99
262,146.27
263,146.0
264,145.29
265,148.06
266,21.01
267,22.009999999999998
268,22.009999999999998
269,146.32999999999998
270,146.39
271,146.29
272,149.51
273,20.01
274,148.36
275,148.23000000000002
276,147.79
277,147.68
278,148.23000000000002
279,147.20999999999998
280,146.6
281,146.39
282,147.45999999999998
283,147.6
284,145.09
285,146.81
286,148.35
287,147.96
288,139.23
289,146.87
290,143.35999999999999
291,146.68
292,147.22
293,147.77
294,21.01
295,147.3
296,143.98000000000002
297,147.95
298,-8.99
299,146.82999999999998
300,146.28
301,148.04
302,146.77
303,147.19
304,147.69
305,21.01
306,21.01
307,20.009999999999994
308,18.01
309,146.3
310,144.63
311,147.16
312,146.15
313,148.39999999999998
314,147.59
315,148.21
316,148.32
317,148.8
318,147.43
319,148.08
320,146.33
321,148.32
322,21.01
323,149.37
324,148.81
325,146.99
326,147.08
327,147.04
328,147.0
329,147.01
330,147.07
331,21.009999999999994
332,147.08
333,21.01
334,147.46
335,144.33
336,146.95999999999998
337,20.009999999999994
338,146.55
339,147.04
340,146.99
341,146.19
342,146.93
343,146.75
344,147.06
345,147.07
346,148.05
347,147.73
348,146.46
349,147.29
350,147.07
351,146.91
352,146.82999999999998
353,145.92
354,146.07
355,148.18
356,148.26
357,148.13
358,148.22
359,148.04
360,147.99
361,147.15
362,146.98000000000002
363,146.97
364,146.97
365,148.13
366,148.14
367,148.08
368,145.87
369,148.14
370,147.81
371,145.95
372,148.18
373,148.21
374,147.61
375,21.01
376,146.12
377,146.96
378,142.36
379,21.01
380,147.2
381,147.04
382,148.18
383,146.75
384,147.14
385,147.01
386,146.82
387,21.009999999999994
388,21.01
389,147.23
390,21.01
391,21.009999999999994
392,21.01
393,146.34
394,147.23
395,146.94
396,147.97
397,147.19
398,148.2
399,144.39
400,145.6
401,147.0
402,147.07
403,147.16
404,143.1
405,147.17
406,147.32999999999998
407,146.64
408,147.17
409,147.23
410,146.60999999999999
411,148.19
412,146.87
413,144.35999999999999
414,146.28
415,147.20999999999998
416,148.03
417,144.18
418,146.91
419,146.95
420,146.99
421,147.3
422,144.35
423,148.01
424,146.59
425,147.18
426,147.29
427,147.01999999999998
428,147.32999999999998
429,148.17
430,147.18
431,147.05
432,144.35
433,147.18
434,21.009999999999994
435,147.2
436,21.009999999999994
437,147.05
438,147.2
439,144.44
440,143.31
441,147.89
442,146.37
443,147.22
444,146.68
445,147.3
446,147.20999999999998
447,148.19
448,144.39999999999998
449,147.14999999999998
450,144.37
451,147.16
452,148.23
453,147.32999999999998
454,146.93
455,147.34
456,147.19
457,147.14999999999998
458,147.14
459,147.23
460,144.39
461,21.009999999999994
462,-10.22
463,144.37
464,148.91
465,147.35
466,146.98
467,148.24
468,144.38
469,148.01999999999998

