-4.10933333333334 
-5.03183333333334 
-6.03883333333334 
-6.95216666666667 
-6.01383333333334 
-7.03816666666667 
-8.06933333333334 
-8.04900000000001 
-5.89133333333334 
-5.88116666666667 
-5.84633333333333 
-5.94966666666666 
-5.98916666666666 
-3.953 
-3.91016666666667 
-3.788 
-3.77866666666666 
-1.80649999999999 
-3.89849999999999 
-1.55166666666666 
-1.58133333333333 
-1.3725 
0.74933333333333 
-1.09183333333333 
0.97183333333333 
1.199 
1.33649999999999 
1.39366666666666 
1.32716666666666 
-0.702666666666669 
1.3285 
3.27183333333333 
3.39266666666667 
9.03500000000001 
5.04083333333334 
4.69550000000001 
4.70900000000001 
2.66633333333334 
6.68016666666667 
12.3103333333333 
12.3633333333333 
10.2186666666667 
8.149 
2.32350000000001 
2.404 
2.40383333333333 
6.23283333333334 
6.24850000000001 
2.33616666666668 
-3.50783333333332 
-5.40983333333332 
-5.29116666666666 
-5.44099999999999 
-3.47633333333332 
-3.62733333333332 
-1.64549999999998 
-1.67633333333332 
0.436500000000005 
4.31700000000001 
6.38116666666667 
6.19500000000001 
8.02933333333334 
8.03316666666667 
7.93333333333333 
8.06916666666666 
8.3245 
4.65933333333334 
2.61183333333334 
-1.37166666666666 
-3.38983333333333 
-1.5045 
2.56683333333334 
2.75483333333334 
1.00616666666667 
1.02266666666667 
2.7805 
4.67683333333333 
6.58683333333333 
6.69033333333333 
6.53833333333333 
6.7555 
0.865166666666664 
2.65866666666666 
4.50383333333333 
4.59299999999999 
4.70033333333332 
2.52249999999999 
0.663833333333327 
0.813833333333327 
0.970666666666664 
-1.12883333333334 
-1.26516666666667 
0.718166666666657 
-1.27766666666667 
-1.41266666666667 
-5.53083333333333 
-5.383 
-3.51783333333334 
0.316166666666664 
4.2795 
6.29416666666666 
6.43383333333333 
2.55366666666667 
6.435 
8.31466666666667 
10.4876666666667 
18.2541666666667 
18.3571666666667 
14.275 
12.141 
10.131 
10.0975 
12.0976666666667 
10.2713333333333 
8.42133333333333 
10.2643333333333 
2.46533333333333 
0.375333333333333 
2.48816666666667 
0.503500000000003 
0.496333333333333 
2.36983333333333 
0.284500000000003 
-1.85433333333333 
-1.90349999999999 
-5.68666666666666 
-3.78766666666666 
0.183833333333337 
0.0855000000000004 
0.0858333333333402 
2.08966666666667 
0.286500000000007 
4.21900000000001 
6.29083333333334 
6.20433333333334 
8.00416666666667 
8.0925 
8.08683333333333 
12.189 
12.361 
12.3753333333333 
16.1663333333333 
14.2855 
12.2146666666667 
12.3628333333333 
12.498 
16.3788333333333 
16.3813333333333 
12.3456666666667 
16.2773333333333 
18.451 
18.4728333333333 
18.6758333333333 
20.7578333333333 
20.7275 
20.7095 
16.83 
16.8643333333333 
16.7808333333333 
12.8985 
10.6608333333333 
6.77250000000001 
4.55266666666668 
2.46850000000001 
2.35116666666668 
2.30466666666667 
0.438666666666673 
-3.55666666666667 
-5.55483333333333 
-3.77666666666666 
-5.5235 
-5.52283333333333 
-5.55716666666666 
-3.55533333333333 
-1.5705 
-1.673 
-1.87316666666667 
0.101833333333336 
2.47 
2.45466666666666 
4.23116666666666 
4.33816666666666 
6.44033333333333 
4.79666666666667 
4.79866666666667 
4.79766666666667 
6.72433333333333 
4.83216666666667 
2.45983333333334 
0.743500000000004 
-1.237 
-1.30966666666667 
-3.41683333333334 
-1.68983333333333 
-3.5735 
-5.323 
-5.30566666666667 
-5.18783333333333 
-1.237 
-1.40266666666667 
0.579999999999999 
4.51216666666667 
6.66783333333334 
8.68116666666667 
10.5468333333333 
12.3338333333333 
10.5193333333333 
12.3108333333333 
10.3423333333333 
16.2408333333333 
18.376 
18.294 
20.0801666666667 
15.9831666666667 
15.9986666666667 
13.9985 
17.815 
17.8143333333333 
15.8361666666667 
9.9245 
5.77783333333334 
3.62733333333333 
1.50616666666667 
1.49266666666667 
3.47183333333334 
7.26683333333334 
5.28183333333334 
5.3705 
7.6015 
11.4951666666667 
15.4461666666667 
15.7135 
19.7946666666667 
23.7761666666667 
21.965 
18.2721666666667 
16.275 
14.1885 
11.9418333333333 
8.04333333333332 
4.11983333333332 
4.00183333333332 
1.94033333333333 
1.9385 
3.7685 
3.95 
7.91416666666667 
15.7625 
21.543 
29.122 
32.8203333333333 
32.7915 
30.9228333333333 
28.9408333333333 
26.9418333333333 
30.5048333333333 
28.505 
22.5066666666667 
18.6048333333333 
12.7895 
11.242 
11.437 
13.4841666666667 
13.6355 
13.5555 
11.7385 
11.86 
12.1146666666667 
12.2346666666667 
14.4905 
16.4231666666667 
18.2446666666667 
18.232 
22.0633333333333 
24.1096666666667 
26.2498333333333 
26.2658333333333 
26.0303333333333 
26.0836666666667 
25.9353333333333 
27.6703333333333 
29.7153333333333 
31.6336666666667 
29.6216666666667 
29.7036666666667 
33.2296666666667 
34.8085 
34.7763333333333 
32.7395 
28.8898333333333 
25.0706666666667 
21.069 
17.1346666666667 
15.1641666666667 
15.0483333333333 
13.0656666666667 
13.3675 
13.5201666666667 
15.5053333333333 
15.4193333333333 
13.5408333333333 
13.509 
15.5418333333333 
15.6456666666667 
15.8516666666667 
10.1208333333333 
10.0496666666667 
10.1645 
10.1776666666667 
12.1438333333333 
17.9921666666667 
19.9945 
18.0958333333333 
19.8075 
21.5355 
23.4513333333333 
21.6898333333333 
23.5875 
25.555 
27.521 
27.4853333333333 
25.3846666666667 
27.2336666666667 
27.5191666666667 
23.6528333333333 
25.8868333333333 
25.6176666666667 
25.7033333333333 
25.5516666666667 
23.5823333333333 
17.7711666666667 
19.7516666666667 
19.6348333333333 
19.5345 
21.5368333333333 
21.3838333333333 
25.4855 
21.569 
17.8405 
19.8433333333333 
23.7218333333333 
27.8408333333333 
27.9591666666667 
27.9423333333333 
26.0116666666667 
28.1658333333333 
24.1865 
27.8703333333333 
29.7861666666667 
27.821 
23.8385 
15.858 
11.8743333333333 
9.88983333333334 
7.83533333333334 
1.68183333333334 
1.67733333333334 
3.62233333333334 
7.387 
12.9458333333333 
16.8816666666667 
22.7296666666667 
32.6256666666667 
34.5963333333333 
34.7333333333333 
38.7193333333333 
36.7181666666667 
30.9163333333333 
29 
21.4086666666667 
23.5908333333333 
21.5918333333333 
15.5618333333333 
17.4745 
21.1566666666667 
21.1381666666667 
21.1606666666667 
25.0613333333333 
26.8406666666667 
28.7546666666667 
26.4168333333333 
24.7865 
22.9726666666667 
21.0896666666667 
19.4048333333333 
19.3051666666667 
23.1513333333333 
23.2363333333333 
19.5898333333333 
19.7881666666667 
20.0771666666667 
19.8248333333333 
19.7863333333333 
17.7161666666667 
19.5995 
19.7348333333333 
18.0463333333333 
16.2143333333333 
18.275 
20.3405 
18.4213333333333 
20.3181666666667 
24.015 
26.1501666666667 
25.9953333333333 
21.9921666666667 
19.9428333333333 
21.91 
20.1191666666667 
18.3095 
18.2941666666667 
16.6826666666667 
17.1193333333333 
17.1743333333333 
17.4621666666667 
21.6098333333333 
23.6468333333333 
23.6648333333333 
27.5421666666667 
29.2018333333333 
29.3038333333333 
31.0665 
28.9481666666667 
26.963 
26.7908333333333 
28.4588333333333 
30.1933333333333 
28.1258333333333 
23.8791666666667 
19.864 
17.611 
17.427 
17.5481666666667 
19.5636666666667 
17.8881666666667 
16.0563333333333 
14.4078333333333 
14.4913333333333 
16.7416666666667 
18.8931666666667 
21.0281666666667 
21.312 
21.328 
19.5125 
21.476 
21.4915 
19.4413333333333 
21.3533333333333 
21.365 
21.2146666666667 
19.228 
15.2616666666667 
17.4086666666667 
19.2423333333333 
17.3636666666667 
13.5488333333333 
19.4963333333333 
19.4158333333333 
17.3865 
17.3863333333333 
23.218 
29.0668333333333 
28.7696666666667 
28.5368333333333 
30.2495 
38.049 
35.9203333333333 
36.0551666666667 
39.9233333333333 
43.9236666666667 
44.008 
44.0085 
40.1103333333333 
40.4111666666667 
42.3115 
42.2425 
44.2228333333333 
46.0033333333333 
46.0173333333333 
44.0346666666667 
43.8986666666667 
41.899 
45.78 
47.4423333333334 
45.4413333333333 
45.5095 
45.493 
45.5771666666667 
45.3261666666667 
45.2895 
45.3406666666667 
47.2386666666667 
43.272 
43.4925 
45.4936666666667 
45.442 
43.4908333333333 
43.511 
43.7636666666667 
47.7965 
45.9363333333333 
46.0556666666667 
50.0055 
49.9871666666667 
51.8841666666666 
47.9365 
49.8711666666666 
49.8538333333333 
51.8343333333333 
49.8386666666667 
49.7188333333333 
47.8203333333333 
43.852 
43.8288333333333 
39.9135 
41.746 
39.7613333333333 
41.6913333333333 
37.6938333333333 
37.6601666666667 
39.6446666666667 
43.6431666666667 
47.528 
45.4835 
45.4856666666667 
45.6725 
47.6733333333333 
45.7736666666667 
45.7896666666667 
45.7888333333333 
45.7883333333333 
47.6685 
47.668 
47.6515 
47.6671666666667 
47.6485 
49.6441666666666 
49.6128333333333 
51.5961666666667 
51.512 
47.528 
47.5273333333333 
47.6288333333333 
49.6121666666667 
51.4943333333333 
51.5268333333333 
51.529 
51.529 
51.5303333333333 
53.5441666666667 
55.5443333333333 
53.5466666666667 
53.5463333333333 
53.4636666666667 
53.5965 
55.5641666666667 
53.433 
53.3476666666667 
53.3931666666667 
51.4638333333333 
55.4455 
51.4498333333333 
51.4491666666667 
55.648 
55.5123333333333 
53.513 
53.6466666666667 
55.6455 
53.6168333333333 
49.6305 
47.6471666666667 
49.6448333333333 
49.6626666666667 
47.461 
45.6138333333333 
45.6138333333333 
45.613 
43.6995 
47.5785 
47.6986666666667 
47.6836666666666 
47.5 
45.4813333333333 
43.5676666666667 
45.4181666666667 
45.2831666666667 
45.282 
47.2643333333333 
47.3505 
53.0978333333333 
53.0965 
55.262 
59.1105 
59.0048333333333 
57.1195 
61.2376666666667 
65.2215 
67.1215 
67.14 
67.259 
71.2446666666667 
73.2286666666667 
73.3855 
77.323 
79.4288333333333 
77.446 
77.4468333333333 
77.4803333333333 
79.3466666666666 
79.3793333333333 
79.174 
75.1908333333333 
75.3235 
73.3601666666667 
73.2741666666667 
71.189 
67.2385 
65.3391666666667 
63.4878333333334 
63.3708333333333 
61.6088333333334 
65.6428333333333 
67.4386666666667 
67.6878333333333 
69.6033333333333 
71.7375 
75.6533333333333 
77.6705 
79.5878333333333 
81.7046666666667 
81.7391666666667 
79.8246666666667 
79.8256666666667 
81.7421666666667 
83.5916666666667 
83.592 
81.609 
79.625 
77.6401666666667 
75.6241666666667 
75.6238333333334 
75.5546666666667 
73.7731666666667 
73.6548333333333 
71.8721666666667 
71.688 
69.6355 
69.5858333333333 
69.6875 
69.6356666666667 
69.6335 
71.5166666666667 
73.3988333333333 
73.4165 
73.4153333333333 
73.4638333333333 
75.5506666666667 
73.5688333333333 
73.5166666666667 
73.465 
73.5343333333333 
71.5503333333333 
69.5653333333333 
69.5813333333333 
71.6003333333333 
73.618 
75.6513333333333 
79.5661666666667 
81.6183333333333 
83.638 
85.5538333333334 
87.5383333333333 
89.439 
89.406 
89.272 
87.2893333333333 
85.3053333333333 
83.3213333333333 
81.3368333333333 
77.353 
73.3508333333333 
69.2841666666667 
69.3518333333333 
67.368 
63.4671666666667 
63.434 
65.4028333333333 
67.3705 
69.3216666666667 
73.2223333333333 
75.2241666666667 
77.29 
77.2893333333333 
77.425 
79.562 
81.5796666666667 
79.4935 
75.679 
73.563 
73.6465 
75.646 
77.6465 
75.6995 
75.5298333333333 
75.4088333333333 
73.291 
73.3568333333333 
77.1876666666667 
79.321 
79.2535 
77.2361666666667 
73.2545 
73.2016666666667 
75.2198333333334 
75.2205 
75.3206666666667 
77.1235 
75.039 
72.9208333333333 
70.9875 
72.9713333333333 
76.936 
78.9353333333333 
77.0541666666666 
77.056 
77.0571666666667 
73.309 
73.3775 
73.4795 
73.4623333333333 
67.5281666666667 
61.526 
57.543 
55.4385 
53.4535 
53.4525 
55.4176666666667 
57.4005 
57.3661666666667 
57.3315 
61.2493333333333 
67.2681666666667 
71.2355 
73.2876666666667 
75.2715 
75.271 
75.2718333333333 
73.2865 
73.2695 
73.271 
75.2881666666667 
75.2538333333333 
75.2538333333333 
75.1398333333333 
75.1058333333333 
76.9676666666666 
78.95 
79.0193333333333 
81.0533333333333 
83.0698333333333 
83.0698333333333 
81.1388333333333 
79.1385 
79.1678333333333 
77.2015 
73.3393333333333 
73.3395 
75.2543333333333 
75.2545 
75.2556666666667 
75.2558333333333 
77.187 
79.1875 
81.189 
83.2578333333333 
87.2413333333333 
87.2413333333334 
87.2423333333333 
85.3266666666667 
83.3416666666667 
79.4766666666667 
75.4936666666667 
73.494 
71.493 
71.407 
69.4076666666667 
67.407 
65.407 
65.323 
67.2898333333333 
69.2076666666667 
71.1433333333333 
71.0931666666667 
71.0445 
69.081 
67.0485 
67.0336666666667 
67.0336666666667 
69.0188333333333 
69.022 
70.9541666666667 
72.9865 
75.0213333333333 
77.056 
79.0383333333333 
83.0546666666667 
83.1395 
85.1245 
85.124 
85.123 
83.2073333333333 
81.2243333333333 
79.2403333333334 
77.255 
79.2228333333333 
79.2243333333333 
81.14 
81.139 
81.139 
81.14 
81.0878333333333 
81.1026666666667 
81.1705 
83.1558333333333 
83.1558333333333 
83.1548333333333 
83.0548333333333 
83.0558333333333 
81.1401666666667 
79.1551666666667 
79.1386666666667 
79.1235 
80.9538333333333 
78.9688333333333 
78.9688333333334 
78.9698333333334 
79.0698333333333 
77.1006666666667 
77.0481666666667 
77.083 
77.0973333333333 
77.1145 
75.1495 
75.1658333333333 
71.2845 
67.2823333333333 
65.3138333333333 
63.364 
63.364 
63.3445 
63.3453333333333 
63.3433333333333 
63.4416666666667 
63.4258333333333 
65.3231666666667 
67.3403333333333 
69.3088333333333 
73.2278333333333 
75.196 
77.1646666666667 
79.1338333333333 
81.103 
83.0555 
85.039 
86.9393333333333 
88.8391666666667 
88.8391666666667 
88.8381666666667 
86.889 
86.89 
86.89 
86.889 
86.889 
86.89 
85.0245 
85.1086666666667 
85.1086666666667 
85.1096666666667 
85.0895 
81.1691666666667 
77.2166666666667 
77.2166666666667 
77.2166666666667 
77.2156666666667 
79.1648333333333 
79.1658333333333 
79.1658333333333 
77.2156666666667 
79.1675 
83.0878333333333 
87.0403333333333 
87.0245 
84.9911666666667 
85.008 
85.008 
83.0578333333333 
81.0721666666667 
83.0218333333333 
83.0393333333333 
83.0383333333333 
83.0383333333333 
83.0551666666667 
85.0885 
83.156 
81.172 
81.1378333333333 
83.1235 
83.123 
83.123 
83.124 
83.124 
83.123 
81.1548333333333 
79.1541666666667 
79.1875 
79.2016666666667 
77.2325 
75.2643333333333 
73.2951666666667 
73.1766666666667 
71.1926666666667 
69.2096666666667 
71.1783333333334 
75.0946666666667 
77.0453333333333 
79.0155 
80.9846666666667 
82.8358333333333 
82.821 
80.9555 
82.94 
84.923 
84.9225 
84.9235 
82.9555 
82.954 
82.837 
80.971 
80.971 
82.954 
82.9535 
82.9545 
82.9386666666667 
80.9043333333333 
80.8368333333333 
80.8696666666666 
80.8696666666666 
80.8696666666667 
82.8351666666667 
82.8361666666667 
80.868 
80.8675 
80.8823333333333 
82.9166666666667 
84.9521666666667 
83.0051666666667 
81.1371666666667 
81.1371666666667 
79.1716666666667 
77.1876666666667 
79.1553333333333 
79.1558333333333 
79.1568333333333 
79.1568333333333 
79.1558333333333 
81.0715 
81.0883333333333 
81.1041666666667 
79.2033333333333 
81.1868333333333 
81.1873333333333 
81.1873333333333 
81.0863333333333 
81.0863333333333 
79.1716666666667 
77.1876666666667 
77.1711666666667 
77.1543333333334 
81.0385 
81.039 
81.039 
81.039 
81.139 
81.139 
81.0868333333334 
83.0703333333334 
83.1383333333333 
85.1233333333333 
85.124 
83.2083333333333 
81.2233333333333 
79.239 
77.256 
77.2565 
79.2233333333333 
79.2231666666666 
81.1398333333333 
81.1398333333333 
81.1398333333333 
83.0545 
83.0555 
84.9235 
84.8741666666667 
82.8375 
80.9401666666667 
78.9736666666667 
77.0065 
77.0223333333333 
77.0391666666667 
77.2238333333333 
77.1738333333333 
77.307 
79.3561666666667 
81.4091666666667 
83.2243333333333 
85.2083333333333 
85.2245 
83.3078333333333 
79.2721666666667 
75.0705 
73.0853333333334 
73.0858333333334 
73.0868333333333 
73.0868333333333 
73.1858333333333 
73.1858333333333 
75.1536666666667 
77.0713333333333 
81.106 
83.2236666666667 
87.2596666666667 
87.2591666666667 
85.2901666666667 
85.1896666666667 
85.1906666666667 
83.2735 
81.2885 
79.3045 
77.3215 
79.2386666666667 
79.2376666666667 
79.2361666666667 
81.2051666666667 
81.3056666666667 
81.3046666666667 
83.2218333333334 
85.2068333333333 
85.2736666666667 
85.2886666666667 
83.3206666666667 
79.4375 
75.487 
71.5336666666667 
67.5801666666667 
65.5955 
63.6106666666667 
63.6096666666667 
65.5268333333333 
67.4958333333333 
69.4623333333333 
73.3455 
77.2975 
81.2508333333333 
85.2043333333333 
87.189 
87.2566666666667 
87.2576666666667 
87.2576666666667 
87.2566666666667 
85.2901666666667 
85.1906666666667 
85.1891666666667 
85.1881666666667 
83.2725 
81.2895 
81.2226666666667 
79.2373333333333 
79.2358333333333 
79.2368333333333 
81.2048333333333 
81.3043333333333 
81.3058333333333 
81.3068333333333 
83.221 
85.204 
83.3045 
85.2893333333334 
85.2908333333334 
85.2898333333333 
85.1883333333333 
85.1893333333333 
83.2736666666667 
81.2886666666667 
79.3061666666667 
77.3231666666667 
81.2051666666667 
81.2046666666667 
81.2046666666667 
81.2056666666667 
81.3071666666667 
81.3061666666667 
83.0853333333334 
83.1023333333333 
83.2013333333333 
85.1843333333333 
85.1858333333334 
83.2711666666667 
81.2856666666667 
79.3003333333333 
77.3178333333333 
75.3345 
75.471 
77.438 
79.3215 
79.3225 
79.3225 
81.2371666666667 
83.2226666666667 
83.2398333333333 
83.253 
85.1518333333333 
85.1518333333333 
85.1528333333333 
85.1543333333333 
85.0533333333334 
85.0518333333333 
85.0528333333334 
84.9528333333333 
86.92 
88.7893333333333 
88.7581666666667 
86.7726666666667 
84.7873333333333 
82.8033333333333 
79.0391666666667 
79.0401666666667 
79.0391666666667 
79.1376666666667 
79.1386666666667 
79.2386666666667 
79.3543333333333 
81.3398333333333 
83.3251666666667 
85.2076666666667 
89.0718333333333 
89.0723333333333 
89.0733333333334 
88.9748333333334 
87.0056666666667 
85.036 
82.969 
81 
78.9306666666667 
78.9306666666667 
76.9793333333333 
75.0255 
73.0721666666667 
71.2195 
73.2203333333333 
75.2216666666667 
77.2691666666667 
79.2366666666667 
81.306 
81.4075 
83.3588333333333 
85.3126666666667 
87.166 
89.1171666666667 
89.0013333333333 
88.9696666666667 
88.8901666666667 
88.8916666666667 
88.8906666666667 
88.7891666666667 
88.7901666666667 
88.6901666666667 
88.656 
86.6735 
84.7733333333333 
82.7878333333333 
82.8011666666667 
80.8171666666667 
80.699 
78.8323333333333 
78.863 
78.9931666666667 
79.159 
81.1746666666667 
83.1896666666667 
85.1055 
83.124 
85.1215 
85.2396666666667 
87.2078333333333 
87.0771666666667 
87.047 
87.0143333333333 
86.8811666666667 
86.8505 
86.8201666666667 
88.7541666666667 
86.7566666666667 
84.6901666666667 
82.7043333333333 
82.8033333333333 
82.8033333333333 
82.8043333333333 
82.9058333333333 
82.9048333333333 
83.0033333333333 
83.1375 
85.1215 
87.088 
89.0738333333333 
89.0748333333333 
89.0733333333334 
88.8373333333333 
86.8691666666667 
84.9016666666667 
84.8186666666667 
84.8176666666667 
84.7161666666667 
84.684 
82.7 
80.715 
78.7325 
76.9845 
76.9671666666667 
78.9493333333333 
79.0338333333333 
79.0348333333333 
79.1363333333333 
79.2685 
79.3698333333333 
81.3543333333333 
83.3383333333333 
85.3213333333333 
87.2068333333333 
87.1931666666667 
87.1916666666667 
87.1906666666667 
87.1906666666667 
87.0916666666667 
88.9743333333333 
88.9738333333333 
88.8723333333333 
88.8733333333333 
88.8718333333333 
88.8708333333334 
88.7723333333333 
88.6401666666667 
86.6546666666667 
84.7693333333333 
82.7853333333333 
80.8023333333333 
80.9038333333333 
80.9028333333333 
81.0028333333333 
79.1226666666667 
79.2221666666667 
79.3543333333333 
81.3398333333333 
83.3251666666667 
85.2076666666667 
87.1906666666667 
89.2058333333334 
89.2068333333334 
89.1083333333334 
90.9895 
90.9885 
90.8885000000001 
90.8885000000001 
88.9073333333334 
88.8751666666667 
86.8911666666667 
82.8901666666667 
80.9061666666667 
80.9038333333333 
78.9188333333334 
78.9203333333333 
79.0213333333333 
79.0198333333333 
81 
81.1336666666667 
83.1186666666667 
85.1045 
87.0875 
87.0883333333333 
89.0718333333333 
89.0718333333333 
89.0708333333334 
88.9723333333334 
88.9733333333333 
88.9718333333334 
88.8708333333334 
88.8708333333334 
88.7718333333333 
88.7401666666667 
86.7566666666667 
84.7711666666667 
82.7881666666667 
81.007 
81.0055 
81.007 
81.108 
81.1065 
81.2055 
81.3386666666667 
83.3236666666667 
85.2091666666667 
87.1921666666667 
89.0718333333333 
88.9733333333333 
88.9733333333333 
88.8723333333333 
88.6546666666667 
86.5543333333333 
82.5993333333333 
80.6298333333333 
80.7298333333333 
80.7308333333333 
80.7323333333333 
80.8313333333333 
80.8298333333333 
80.9308333333333 
81.15 
83.1503333333334 
87.1053333333333 
89.0748333333333 
88.9733333333333 
88.9723333333334 
88.8723333333333 
88.7566666666667 
86.655 
82.7018333333333 
80.7315 
80.8623333333333 
80.8623333333333 
80.8613333333333 
80.9628333333333 
80.9638333333333 
81.0623333333333 
81.078 
83.1811666666667 
87.0343333333334 
89.0046666666667 
88.8738333333334 
88.7391666666667 
86.7561666666667 
84.7718333333333 
84.6358333333333 
82.6691666666667 
82.7696666666667 
82.7681666666667 
82.8671666666667 
82.8671666666667 
82.9681666666667 
83.0028333333333 
84.9858333333333 
86.9686666666667 
87.0046666666667 
88.9728333333333 
88.8723333333333 
88.7406666666667 
86.7576666666667 
84.7718333333333 
84.6358333333333 
82.7676666666667 
82.7841666666667 
82.7856666666667 
82.8846666666667 
82.8831666666667 
82.9841666666667 
83.0173333333333 
85.0003333333333 
86.9861666666667 
87.0221666666667 
88.9888333333333 
88.8723333333333 
88.7391666666667 
86.7561666666667 
84.7736666666667 
84.6376666666667 
82.768 
80.802 
80.802 
80.901 
80.9025 
81.0035 
81.0351666666667 
83.0181666666667 
84.9021666666667 
85.0381666666667 
86.9078333333333 
88.7406666666667 
86.7551666666667 
84.7718333333333 
84.7718333333333 
84.7708333333333 
84.8723333333333 
84.7383333333333 
82.8686666666667 
80.8995 
81.015 
79.0816666666667 
81.0826666666667 
83.066 
82.9645 
82.9655 
82.8655 
82.8663333333333 
82.852 
82.8368333333333 
82.8198333333333 
84.8863333333333 
84.8708333333333 
84.8718333333333 
84.9733333333333 
84.9723333333333 
85.0695 
85.1036666666667 
87.0876666666667 
89.071 
88.9725 
88.9735 
88.872 
88.7378333333333 
86.7538333333333 
84.7705 
84.7733333333333 
84.8723333333333 
84.8708333333333 
84.8703333333333 
84.9703333333333 
84.9693333333333 
85.0708333333333 
85.105 
87.0875 
89.0708333333334 
88.9708333333333 
88.9718333333334 
88.8733333333333 
88.7406666666667 
86.7551666666667 
84.7721666666667 
84.7721666666667 
84.8711666666667 
84.7376666666667 
82.7705 
82.8838333333333 
82.8828333333333 
82.9828333333333 
83.017 
85.0025 
86.8855 
86.884 
86.785 
86.7868333333333 
86.77 
84.7723333333333 
84.7733333333333 
84.7718333333333 
84.8708333333334 
84.8693333333333 
84.9703333333333 
84.9718333333333 
85.0708333333333 
85.1025 
87.0875 
89.0718333333333 
88.9708333333333 
88.9723333333334 
88.8733333333333 
88.7401666666667 
86.7551666666667 
84.7708333333333 
84.7718333333333 
84.8733333333333 
84.8708333333334 
84.8693333333333 
84.9703333333333 
84.9703333333333 
85.0693333333333 
85.104 
87.089 
89.0718333333333 
88.9708333333333 
88.9708333333333 
88.8733333333333 
