processing file /home/shiwali/infiniteMario/agents/marioAgentJava/agents/mario-soar-multi/run11.csv 
processing file /home/shiwali/infiniteMario/agents/marioAgentJava/agents/mario-soar-multi/run12.csv 
processing file /home/shiwali/infiniteMario/agents/marioAgentJava/agents/mario-soar-multi/run13.csv 
processing file /home/shiwali/infiniteMario/agents/marioAgentJava/agents/mario-soar-multi/run14.csv 
processing file /home/shiwali/infiniteMario/agents/marioAgentJava/agents/mario-soar-multi/run15.csv 
processing file /home/shiwali/infiniteMario/agents/marioAgentJava/agents/mario-soar-multi/run16.csv 
0
-10.385
-10.1916666666667
-10.285
-10.2316666666667
-9.225
-10.07
-9.13333333333333
9.38333333333333
-10.2433333333333
-10.3116666666667
-10.1816666666667
11.385
-10.1833333333333
-9.88333333333333
-10.2583333333333
-10.465
11.2283333333333
9.81166666666667
-9.02166666666667
-10.2183333333333
9.54
-9.535
13.285
-10.18
-8.17
10.7533333333333
-7.18333333333333
30.4483333333333
-6.75
-8.84333333333333
10.1116666666667
-10.2
-7.01333333333333
10.1316666666667
11.2633333333333
11.9616666666667
49.24
-9.49333333333333
-10.2033333333333
-8.70833333333333
-10.315
29.9383333333333
49.2883333333333
10.6616666666667
-10.1833333333333
-8.735
-9.015
-8.68833333333333
-10.205
29.5816666666667
-10.1583333333333
-9.185
-9.15166666666667
-8.35833333333333
-8.99666666666667
-10.2333333333333
10.6316666666667
-10.1983333333333
9.61333333333333
29.2733333333333
10.97
29.62
11.49
-10.22
9.34666666666667
-10.195
9.63333333333333
-8.84
12.1666666666667
-7.37833333333333
-9.505
-10.215
-8.69166666666667
8.63333333333333
50.06
-8.315
-7.85333333333333
-8.675
29.745
11.585
9.595
-9.18
-10.2116666666667
10.805
-8.84333333333333
9.62
10.5983333333333
-7.78333333333333
30.8183333333333
-10.1933333333333
-8.99166666666667
-7.68
-8.64333333333333
-10.19
-10.2066666666667
29.4533333333333
-9.36
-9.13333333333333
-10.3633333333333
-8.715
9.66
30.66
30.99
9.95666666666667
-8.81
-9.34833333333333
29.4533333333333
9.66333333333333
11.3666666666667
68.95
10.69
-10.1616666666667
9.65
-10.1433333333333
-9.145
10.6533333333333
11.19
-8.83666666666667
29.7966666666667
-9.04
-10.21
10.9666666666667
-10.1966666666667
-10.215
9.59
-10.2
-10.1983333333333
-9.32833333333333
-8.035
9.95
29.505
9.98333333333333
-10.1933333333333
9.82333333333333
-8.44166666666666
29.125
10.52
-10.1933333333333
9.96333333333333
10.8333333333333
29.4483333333333
51.005
-8.47333333333333
9.96666666666667
29.4683333333333
10.3166666666667
-10.1883333333333
-8.71166666666667
11.315
49.6416666666667
29.4733333333333
10.6483333333333
30.8433333333333
31.7033333333333
29.6866666666667
12.3466666666667
10.6316666666667
-9.015
11.135
10.8466666666667
29.8166666666667
9.81333333333333
-7.98
9.32666666666667
-9.19666666666667
-9.85166666666667
-10.21
-10.1883333333333
10.67
-7.81333333333333
-10.1366666666667
-10.1683333333333
9.80166666666667
-8.14166666666667
-9.19
-10.195
9.80833333333333
9.66
9.645
-9.815
9.61333333333333
13.5133333333333
9.64833333333333
9.62333333333333
-8.12
10.8266666666667
-6.62833333333333
9.68
9.635
9.45166666666667
-9.30833333333333
-10.21
-7.515
-10.1816666666667
-8.84666666666667
-10.245
10.6416666666667
-9.15666666666667
-7.86
9.625
-8.13
29.2983333333333
-9.17166666666667
9.645
30.475
11.3116666666667
30.775
9.5
10.01
-8.52
9.785
9.61333333333333
49.8133333333333
30.9966666666667
29.655
29.1733333333333
-10.195
9.655
-9.99166666666667
29.645
9.77833333333333
-10.1683333333333
-9.30333333333333
-10.47
8.15
7.96166666666667
-10.33
29.4466666666667
27.9583333333333
9.795
10.665
12.1416666666667
29.6333333333333
29.04
10.8233333333333
48.7733333333333
29.485
11.335
-8.97
-10.1766666666667
-10.2
-10.325
-9.35166666666667
-10.195
9.64333333333333
28.1583333333333
29.4666666666667
29.635
-7.155
29.465
68.2833333333333
47.48
66.4383333333333
26.7883333333333
9.355
9.47166666666667
9.64666666666667
9.645
28.475
9.46666666666667
8.3
8.46166666666667
8.285
11.3133333333333
11.305
29.9433333333333
11.16
8.845
10.305
10.6816666666667
10.8466666666667
9.66166666666666
30.8433333333333
30.64
29.52
29.8166666666667
49.4733333333333
29.3083333333333
31.7066666666667
10.8416666666667
8.49166666666667
10.195
29.36
47.99
49.97
49
29.3533333333333
30.1283333333333
66.9666666666667
26.63
8.17
-10.1733333333333
-9.13666666666667
9.79833333333333
9.95333333333333
9.65666666666667
9.64833333333333
28.97
47.14
29.6483333333333
9.69666666666667
9.67833333333333
-9.99666666666667
-8.98666666666667
9.635
29.985
10.6866666666667
31.03
-10.1683333333333
28.9366666666667
10.845
9.81
9.665
49.4966666666667
29.6583333333333
10.9983333333333
27.8033333333333
48.31
8.99
11.3216666666667
29.8216666666667
29.485
29.325
49.14
8.65166666666667
29.4883333333333
30.6583333333333
9.64666666666667
31.33
8.63
30.6783333333333
27.9683333333333
9.63166666666667
-8.97166666666667
28.4566666666667
28.32
29.655
29.67
29.8
49.6466666666667
-8.48666666666667
-9.31666666666666
29.66
29.8133333333333
69.6466666666667
29.5033333333333
29.4866666666667
10.3633333333333
51.3416666666667
9.85333333333334
28.3516666666667
9.84166666666667
10.0083333333333
-10.0116666666667
-10.1583333333333
-10.3333333333333
9.64166666666667
-10.1816666666667
-10.1933333333333
9.80833333333333
47.8016666666667
47.4883333333333
65.5966666666667
29.3466666666667
48.3216666666667
88.6266666666667
29.3483333333333
-8.81166666666667
29.6666666666667
-10.2033333333333
-10.2166666666667
28.325
-10.3166666666667
51.1683333333333
28.3316666666667
28.3266666666667
48.475
28.01
29.4816666666667
-9.97833333333333
28.79
46.1183333333333
8.82333333333333
27.79
12.0283333333333
10.1883333333333
29.645
11.1616666666667
28.485
28.4833333333333
29.64
9.65333333333333
10.8066666666667
30.68
9.505
9.80333333333333
8.94333333333334
29.995
29.8383333333333
11.5983333333333
11.32
30.26
31.4616666666667
11.4883333333333
28.4733333333333
46.7716666666667
30.295
28.4466666666667
-10.1933333333333
-8.895
30.9916666666667
12.3516666666667
13.365
11.335
12.3583333333333
51.1383333333333
30.845
31.325
31.2833333333333
11.475
31.1716666666667
51.125
29.9616666666667
12.355
29.985
29.955
10.9933333333333
29.6033333333333
47.9633333333333
28.82
10.4966666666667
8.65833333333333
-10.19
-10.175
28.145
31.1666666666667
31.1483333333333
12.8483333333333
29.645
12.335
11.3316666666667
31.1616666666667
11.325
11.175
30.9833333333333
31.3266666666667
12.9933333333333
32.4833333333333
29.8
-8.16666666666667
30.4516666666667
31.2783333333333
9.82166666666667
-8.69166666666667
-8.68
52.7966666666667
31.33
13.6966666666667
-8.34833333333333
51.3083333333333
29.6466666666667
10.985
9.82
49.625
49.8083333333333
49.825
29.0016666666667
30.8233333333333
69.6466666666667
30.0216666666667
30.995
49.6666666666667
49.8233333333333
50.4683333333333
49.8133333333333
10.8433333333333
32.01
49.8266666666667
68.9566666666667
49.825
48.8
49.8066666666667
29.9966666666667
49.1083333333333
29.8166666666667
49.6533333333333
48.6333333333333
29.8166666666667
69.6383333333333
49.66
49.6416666666667
47.2966666666667
29.63
49.62
48.7966666666667
9.98666666666667
50.8383333333333
49.8283333333333
69.1216666666667
30.1483333333333
49.8433333333333
49.8233333333333
69.9583333333333
31.0183333333333
49.99
49.485
50.655
68.7983333333333
29.645
49.495
49.67
69.6283333333333
50.0016666666667
29.82
31.005
9.80166666666667
50.4233333333333
29.645
47.97
29.6483333333333
68.97
29.6533333333333
49.665
49.665
70.99
48.65
29.9783333333333
29.6666666666667
49.8383333333333
49.6566666666667
49.9733333333333
29.8133333333333
49.6566666666667
49.66
89.7916666666667
48.645
29.8133333333333
29.8233333333333
49.6516666666666
69.6133333333333
49.66
49.6466666666667
48.815
9.82
89.785
49.66
49.6466666666667
48.645
49.9766666666667
69.635
49.66
49.66
68.9533333333333
29.8216666666667
69.8083333333333
49.6566666666667
48.82
49.9733333333333
69.6533333333333
48.3233333333333
48.8066666666667
50.115
49.66
69.6383333333333
29.8516666666667
49.65
90.8083333333333
48.6166666666667
49.66
49.66
68.795
29.8283333333333
9.79666666666667
49.805
49.8283333333333
49.8283333333333
68.7916666666667
30.145
49.66
49.6516666666667
49.66
68.6183333333333
10.9983333333333
49.655
47.9916666666667
29.6416666666667
49.655
48.65
48.31
49.64
69.4833333333333
69.48
68.4716666666666
49.6416666666667
69.6466666666667
68.1266666666667
48.5983333333333
29.7966666666667
89.4916666666667
89.4783333333333
88.4833333333333
69.665
69.6616666666667
89.4983333333333
89.4866666666667
69.695
87.9733333333333
50.855
69.6633333333333
89.4866666666667
88.8183333333333
88.3283333333333
69.9883333333333
87.445
49.655
71.0216666666667
68.34
49.995
48.8116666666667
49.9816666666667
69.825
69.815
68.8183333333333
69.825
89.995
88.98
70.8316666666667
69.15
70.1533333333333
89.14
89.9966666666667
88.9883333333333
89.9866666666667
70.17
70.85
88.99
89.9966666666667
87.645
70.1566666666667
69.31
70.1566666666667
69.14
69.8266666666667
70.1666666666667
70.1583333333333
71.175
88.8133333333333
69.8183333333333
68.315
48.785
69.66
70.1566666666667
69.3083333333333
70.145
88.99
89.9966666666667
88.99
69.8066666666667
68.8
69.6533333333333
49.8416666666667
69.635
68.7916666666667
70.8383333333333
69.15
70.1466666666667
89.15
89.9966666666667
88.9766666666667
89.9866666666667
88.99
90.1566666666667
88.9883333333333
89.9966666666667
88.995
89.1533333333333
88.82
88.6566666666667
69.15
70.1466666666667
69.15
70.3116666666667
49.15
49.975
48.3283333333333
89.83
68.9816666666667
49.6483333333333
68.8183333333333
89.835
88.8266666666667
89.8233333333333
88.1566666666667
69.9933333333333
68.9866666666667
89.8233333333333
70.3383333333333
71.0183333333333
88.995
68.9733333333333
50.6816666666667
68.6633333333333
88.9916666666667
89.9883333333333
88.9916666666667
70.3533333333333
68.6416666666667
69.8083333333333
67.8166666666667
69.6316666666667
88.99
89.9966666666667
88.3166666666667
69.815
49.175
69.825
88.8233333333333
69.815
68.8183333333333
87.66
68.145
68.815
68.9833333333333
89.6533333333333
88.8216666666667
89.8183333333333
70.0116666666667
69.8333333333333
68.83
50.1783333333333
68.83
69.835
68.8116666666667
30.3116666666667
28.8
49.9883333333333
48.9666666666667
49.9833333333333
68.82
69.83
88.6583333333333
69.4916666666667
68.465
69.49
88.9883333333333
89.6616666666666
69.4883333333333
69.8216666666667
68.815
69.8383333333333
68.805
69.3216666666667
68.48
89.6616666666666
88.645
89.6616666666666
68.3483333333333
69.4816666666667
87.4333333333333
89.6616666666666
69.4983333333333
89.6616666666666
88.645
89.6616666666666
69.335
69.6583333333333
68.6416666666667
49.8183333333333
48.8116666666667
89.6633333333333
88.6466666666667
89.6633333333333
88.6566666666667
89.6633333333333
88.6466666666667
89.6633333333333
88.6566666666667
70.5066666666667
88.6466666666667
89.6633333333333
88.6566666666667
70.5066666666667
68.8066666666667
51.0133333333333
48.8166666666667
69.6666666666667
68.6466666666667
69.6466666666667
68.6533333333333
69.6566666666667
68.6566666666667
69.6666666666667
88.475
70.1916666666667
68.1733333333333
69.165
68.16
50.0116666666667
48.3283333333333
69.5083333333333
68.6566666666667
89.5183333333333
88.5066666666667
89.5133333333333
88.4966666666667
89.5133333333333
88.5066666666667
69.835
88.4916666666667
70.3566666666667
88.5066666666667
89.5133333333333
88.4966666666667
70.3566666666667
68.6666666666667
69.6733333333333
68.6533333333333
89.5133333333333
88.5066666666667
89.5133333333333
88.4966666666667
89.5133333333333
88.5066666666667
69.835
68.815
70.3516666666667
88.5066666666667
89.5133333333333
88.4966666666667
88.5133333333333
88.5066666666667
70.3566666666667
68.6566666666667
69.67
68.6633333333333
88.655
68.6566666666667
89.5133333333333
88.5066666666667
89.5133333333333
68.815
69.8316666666667
69.005
69.8133333333333
68.835
69.005
68.82
50.7
48.485
69.8283333333333
49.3166666666667
69.8316666666667
68.81
69.8216666666667
68.815
69.9883333333333
68.6616666666666
69.6733333333333
68.6566666666667
89.5133333333333
88.5066666666667
89.5133333333333
88.4966666666667
89.5133333333333
88.5066666666667
89.5133333333333
88.4966666666667
88.6766666666667
87.655
89.5133333333333
88.4966666666667
70.0216666666667
88.5066666666667
89.5133333333333
88.4966666666667
89.5133333333333
88.5066666666667
70.0216666666667
88.4966666666667
89.5133333333333
88.5066666666667
69.82
49.3033333333333
49.9883333333333
88.4966666666667
89.5133333333333
88.4966666666667
89.5133333333333
88.5066666666667
89.5133333333333
69.005
89.3383333333333
88.5066666666667
89.5133333333333
88.3383333333333
69.18
88.665
89.5133333333333
69.005
69.6566666666667
88.5016666666667
89.5133333333333
88.4966666666667
89.5133333333333
88.5066666666667
89.5133333333333
69.34
69.6733333333333
68.6633333333333
89.5133333333333
88.4966666666667
89.5133333333333
88.5066666666667
89.5133333333333
88.4966666666667
69.8316666666667
49.3333333333333
70.0066666666667
68.805
69.8216666666667
68.815
69.8216666666667
87.3216666666667
69.6733333333333
68.6666666666667
89.5183333333333
88.4966666666667
89.5133333333333
88.5066666666667
89.5133333333333
87.3266666666667
69.6733333333333
68.6666666666667
89.5183333333333
88.4966666666667
89.5133333333333
88.5066666666667
69.8333333333333
88.4916666666667
88.3433333333333
68.6666666666667
69.6733333333333
88.4966666666667
89.5133333333333
88.5066666666667
89.355
68.1633333333333
69.1583333333333
88.82
88.3433333333333
68.6666666666667
89.3283333333333
88.5066666666667
69.8316666666667
88.5016666666667
89.5033333333333
88.5066666666667
89.5133333333333
69.35
69.6633333333333
68.6666666666667
69.6733333333333
68.6666666666667
89.5083333333333
88.5066666666667
89.5133333333333
88.5066666666667
89.5033333333333
88.5066666666667
69.8316666666667
68.825
50.665
88.5016666666667
89.5133333333333
88.5066666666667
88.5033333333333
88.5066666666667
70.3566666666667
68.6666666666667
69.6666666666667
68.6566666666667
89.5066666666667
88.5066666666667
89.5133333333333
88.5066666666667
89.5033333333333
88.5066666666667
69.835
88.5016666666667
70.3466666666666
88.5066666666667
89.5133333333333
69.35
69.6633333333333
68.6633333333333
69.6733333333333
88.5116666666667
89.5033333333333
88.5
89.5133333333333
88.5066666666667
89.5133333333333
88.4966666666667
69.6733333333333
87.3433333333333
69.18
68.145
70.53
68.835
69.8416666666667
88.665
89.6816666666667
90.3433333333333
69.1733333333333
88.675
89.6716666666667
88.675
88.6816666666667
88.675
70.0033333333333
69.4983333333333
49.325
48.3266666666667
49.3216666666667
88.68
89.6816666666667
88.675
89.6716666666667
88.675
89.6816666666667
88.675
89.6716666666667
69.5033333333333
89.6816666666667
88.675
69.9916666666667
87.67
89.6816666666667
69.5033333333333
69.8316666666667
68.835
69.8416666666667
88.675
89.6716666666667
88.66
89.6816666666667
88.675
89.6716666666667
88.675
89.6816666666667
69.5033333333333
69.9916666666667
68.995
50.84
49.155
50.1483333333333
49.14
69.825
68.8266666666667
89.6716666666667
88.675
89.6816666666667
88.66
89.6716666666667
88.675
89.6816666666667
88.675
89.6716666666667
69.5033333333333
89.6816666666667
88.675
89.6716666666667
68.995
88.6766666666667
88.66
89.6716666666667
69.5183333333333
69.8416666666667
68.835
69.8283333333333
88.66
89.6816666666667
88.675
89.6716666666667
88.675
89.6816666666667
88.66
89.6716666666667
49.84
89.6766666666667
88.675
89.6716666666667
87.66
89.6816666666667
69.5183333333333
69.8316666666667
68.835
69.8416666666667
88.66
89.6716666666667
88.675
89.6816666666667
88.675
89.6716666666667
87.31
70.0016666666667
69.825
89.6716666666667
88.675
70.525
68.82
69.8283333333333
68.85
69.8383333333333
88.675
89.6716666666667
88.66
89.6816666666667
88.675
89.6716666666667
88.675
70
68.9816666666667
88.8266666666667
88.675
89.6816666666667
88.675
88.6716666666667
88.66
89.6816666666667
87.675
89.6716666666667
87.675
88.515
68.82
69.8283333333333
68.835
51.03
88.67
89.6716666666667
88.66
89.6816666666667
88.675
89.6716666666667
88.675
89.6816666666667
87.66
89.6716666666667
88.675
89.6816666666667
87.675
69.99
68.9783333333333
69.0016666666667
68.985
68.9883333333333
87.66
70.1583333333333
69.1366666666667
70.1483333333333
69.1483333333333
89.9983333333333
88.9916666666667
89.4766666666667
88.66
89.6816666666667
88.675
89.6716666666667
88.675
88.6816666666667
88.66
88.84
88.675
88.6816666666667
88.675
89.6716666666667
87.66
89.6816666666667
87.675
88.34
68.835
69.8383333333333
68.82
88.815
68.835
88.49
68.9933333333333
89.9883333333333
88.9766666666667
89.9983333333333
88.9916666666667
89.9883333333333
87.9783333333333
69
88.81
89.6716666666667
88.675
88.6816666666667
88.675
89.6716666666667
87.66
89.6816666666667
87.675
88.34
68.835
69.0066666666667
68.8166666666666
89.6716666666667
88.675
89.6816666666667
88.675
89.6716666666667
88.66
89.6816666666667
88.675
88.6716666666667
88.675
89.6816666666667
88.66
87.3216666666667
68.9933333333333
69.9966666666667
87.83
89.6716666666667
87.66
88.35
68.835
69.8316666666667
68.835
69.8416666666667
68.82
89.8183333333333
88.675
89.6816666666667
88.675
89.6716666666667
69.8483333333333
89.6766666666667
88.675
89.6716666666667
87.675
89.6816666666667
88.66
89.6716666666667
88.675
88.6816666666667
88.675
89.6716666666667
87.66
89.6816666666667
87.66
89.6716666666667
87.675
88.35
68.82
69.8283333333333
68.835
69.8416666666667
88.675
89.6716666666667
88.66
70.87
88.67
89.6716666666667
88.675
89.6816666666667
87.66
89.6716666666667
108.826666666667
89.6816666666667
87.675
89.6816666666667
88.66
88.6716666666667
88.675
69.87
87.3383333333333
69.8316666666667
68.8166666666666
69.8416666666667
87.6516666666667
69.8316666666667
88.675
89.6816666666667
88.66
89.6716666666667
88.675
89.6816666666667
88.675
89.6716666666667
87.66
89.6666666666667
88.675
89.6716666666667
87.675
89.6816666666667
88.66
88.6716666666667
88.675
88.6816666666667
87.3433333333333
69.8316666666667
68.82
69.8416666666667
69.8633333333333
89.6666666666667
88.675
89.6816666666667
88.66
89.6716666666667
88.675
89.6816666666667
87.675
89.6716666666667
88.66
88.6816666666667
88.675
88.6716666666667
86.4833333333333
68.6683333333333
49.125
69.9866666666667
88.675
89.6816666666667
88.675
89.6716666666667
88.66
89.6816666666667
88.675
88.6716666666667
88.675
89.6816666666667
87.66
89.6716666666667
87.675
88.515
67.6433333333333
50.15
68.9716666666667
89.98
88.675
89.6716666666667
88.675
89.6816666666667
88.66
88.6716666666667
88.675
88.6816666666667
88.675
88.6716666666667
87.3283333333333
69.8416666666667
68.8316666666666
88.3216666666667
68.9933333333333
89.6766666666667
88.66
89.6716666666667
88.675
89.6816666666667
87.675
89.6716666666667
88.66
88.6816666666667
88.675
88.6716666666667
87.3433333333333
69.8416666666667
68.8166666666666
88.3216666666667
68.9933333333333
89.8366666666667
88.675
89.6716666666667
88.66
89.6816666666667
87.675
89.6716666666667
88.675
88.6816666666667
88.66
88.6716666666667
87.3433333333333
69.8416666666667
68.835
88.3216666666667
68.9783333333333
70.0116666666667
88.675
89.6716666666667
88.675
89.6816666666667
87.66
89.6716666666667
87.675
89.6816666666667
87.675
88.34
68.82
69.8383333333333
88.675
89.6716666666667
88.675
88.3316666666667
68.9783333333333
69.99
88.83
69.0066666666667
88.83
89.6716666666667
87.66
89.6816666666667
87.675
88.34
68.835
69.8383333333333
88.66
89.6716666666667
88.675
89.6816666666667
88.675
89.6716666666667
88.6466666666667
88.6816666666667
88.675
89.6716666666667
87.675
89.6816666666667
87.66
88.34
68.835
69.8383333333333
88.675
89.6716666666667
88.66
89.6666666666667
88.675
89.6716666666667
88.675
88.6816666666667
88.66
89.6716666666667
87.675
89.6816666666667
87.675
88.34
68.82
69.8416666666667
88.675
89.6716666666667
87.325
70
88.8083333333333
89.6716666666667
88.675
88.6816666666667
88.675
88.6716666666667
88.66
88.6816666666667
87.3433333333333
69.8316666666667
68.8316666666666
89.6816666666667
88.66
89.6716666666667
88.66
89.6816666666667
88.675
89.6716666666667
87.66
89.6816666666667
88.675
88.6716666666667
88.675
88.6816666666667
87.3283333333333
69.8316666666667
68.8316666666666
89.6816666666667
88.675
89.6566666666667
88.66
89.6816666666667
88.675
89.6716666666667
87.675
89.6816666666667
88.66
88.6716666666667
88.675
88.6816666666667
87.3433333333333
69.8316666666667
68.8166666666666
89.6816666666667
88.66
89.6716666666667
88.675
