#Run #Soar-Mod-RL #Sample_Agent
1 -5.03183333333334  11.6028 
2 -6.03883333333334  15.3592 
3 -6.95216666666667  21.315 
4 -6.01383333333334  27.2706 
5 -7.03816666666667  35.5752 
6 -8.06933333333334  43.8798 
7 -8.04900000000001  43.7106 
8 -5.89133333333334  53.1924 
9 -5.88116666666667  58.0156 
10 -5.84633333333333  65.1684 
11 -5.94966666666666  72.0804 
12 -5.98916666666666  74.4786 
13 -3.953  74.7558 
14 -3.91016666666667  75.0334 
15 -3.788  72.962 
16 -3.77866666666666  70.8906 
17 -1.80649999999999  70.947 
18 -3.89849999999999  70.985 
19 -1.55166666666666  73.2226 
20 -1.58133333333333  73.2022 
21 -1.3725  75.5902 
22 0.74933333333333  80.145 
23 -1.09183333333333  84.6218 
24 0.97183333333333  89.0984 
25 1.199  93.5752 
26 1.33649999999999  95.8524 
27 1.39366666666666  98.2392 
28 1.32716666666666  98.0514 
29 -0.702666666666669  95.7756 
30 1.3285  93.5578 
31 3.27183333333333  91.11 
32 3.39266666666667  91.11 
33 9.03500000000001  91.1092 
34 5.04083333333334  91.1086 
35 4.69550000000001  91.108 
36 4.70900000000001  93.3062 
37 2.66633333333334  95.5046 
38 6.68016666666667  97.8918 
39 12.3103333333333  100.1674 
40 12.3633333333333  104.6426 
41 10.2186666666667  107.0896 
42 8.149  107.0888 
43 2.32350000000001  107.0882 
44 2.404  107.0878 
45 2.40383333333333  107.0868 
46 6.23283333333334  107.0866 
47 6.24850000000001  107.1064 
48 2.33616666666668  107.1256 
49 -3.50783333333332  107.1446 
50 -5.40983333333332  107.1634 
51 -5.29116666666666  107.1828 
52 -5.44099999999999  107.2016 
53 -3.47633333333332  107.2212 
54 -3.62733333333332  107.1804 
55 -1.64549999999998  107.1998 
56 -1.67633333333332  107.2192 
57 0.436500000000005  107.2184 
58 4.31700000000001  107.2172 
59 6.38116666666667  107.2172 
60 6.19500000000001  107.2178 
61 8.02933333333334  107.2174 
62 8.03316666666667  107.2174 
63 7.93333333333333  107.217 
64 8.06916666666666  107.2762 
65 8.3245  107.2758 
66 4.65933333333334  107.2756 
67 2.61183333333334  107.2756 
68 -1.37166666666666  107.2754 
69 -3.38983333333333  104.8868 
70 -1.5045  104.886 
71 2.56683333333334  104.8854 
72 2.75483333333334  104.905 
73 1.00616666666667  104.9244 
74 1.02266666666667  104.944 
75 2.7805  104.9642 
76 4.67683333333333  104.9842 
77 6.58683333333333  105.0042 
78 6.69033333333333  105.0242 
79 6.53833333333333  107.432 
80 6.7555  107.4514 
81 0.865166666666664  107.471 
82 2.65866666666666  107.4706 
83 4.50383333333333  107.47 
84 4.59299999999999  107.4692 
85 4.70033333333332  105.0796 
86 2.52249999999999  102.8404 
87 0.663833333333327  100.6014 
88 0.813833333333327  98.2126 
89 0.970666666666664  95.9532 
90 -1.12883333333334  93.505 
91 -1.26516666666667  91.1162 
92 0.718166666666657  88.896 
93 -1.27766666666667  86.5078 
94 -1.41266666666667  84.2888 
95 -5.53083333333333  84.2888 
96 -5.383  84.1384 
97 -3.51783333333334  86.3756 
98 0.316166666666664  88.7632 
99 4.2795  91.0206 
100 6.29416666666666  91.0794 
101 6.43383333333333  93.4854 
102 2.55366666666667  95.7424 
103 6.435  98.168 
104 8.31466666666667  100.425 
105 10.4876666666667  102.8508 
106 18.2541666666667  105.2762 
107 18.3571666666667  105.314 
108 14.275  102.9456 
109 12.141  102.8662 
110 10.131  102.8064 
111 10.0975  100.5308 
112 12.0976666666667  98.2358 
113 10.2713333333333  95.9402 
114 8.42133333333333  93.4542 
115 10.2643333333333  91.048 
116 2.46533333333333  88.6424 
117 0.375333333333333  86.388 
118 2.48816666666667  86.3882 
119 0.503500000000003  84.21 
120 0.496333333333333  84.4004 
121 2.36983333333333  84.3202 
122 0.284500000000003  84.3 
123 -1.85433333333333  84.1698 
124 -1.90349999999999  84.3402 
125 -5.68666666666666  84.431 
126 -3.78766666666666  84.4618 
127 0.183833333333337  84.4012 
128 0.0855000000000004  84.492 
129 0.0858333333333402  84.4124 
130 2.08966666666667  84.3918 
131 0.286500000000007  84.392 
132 4.21900000000001  84.3922 
133 6.29083333333334  84.502 
134 6.20433333333334  84.5012 
135 8.00416666666667  84.3302 
136 8.0925  86.6668 
137 8.08683333333333  88.9438 
138 12.189  91.2206 
139 12.361  93.5776 
140 12.3753333333333  95.8748 
141 16.1663333333333  98.2314 
142 14.2855  100.4482 
143 12.2146666666667  102.7452 
144 12.3628333333333  102.6546 
145 12.498  105.122 
146 16.3788333333333  105.062 
147 16.3813333333333  105.0614 
148 12.3456666666667  105.0612 
149 16.2773333333333  105.0412 
150 18.451  104.9614 
151 18.4728333333333  104.9416 
152 18.6758333333333  105.0008 
153 20.7578333333333  102.5934 
154 20.7275  102.6846 
155 20.7095  100.3878 
156 16.83  98.1706 
157 16.8643333333333  95.8936 
158 16.7808333333333  93.6166 
159 12.8985  91.2284 
160 10.6608333333333  89.0102 
161 6.77250000000001  89.0102 
162 4.55266666666668  89.0108 
163 2.46850000000001  91.3982 
164 2.35116666666668  93.6748 
165 2.30466666666667  95.9516 
166 0.438666666666673  98.2284 
167 -3.55666666666667  100.5054 
168 -5.55483333333333  102.7822 
169 -3.77666666666666  105.17 
170 -5.5235  107.4476 
171 -5.52283333333333  107.4466 
172 -5.55716666666666  107.446 
173 -3.55533333333333  107.4458 
174 -1.5705  105.0578 
175 -1.673  104.9788 
176 -1.87316666666667  104.9588 
177 0.101833333333336  102.571 
178 2.47  100.3722 
179 2.45466666666666  100.3526 
180 4.23116666666666  100.2728 
181 4.33816666666666  97.8254 
182 6.44033333333333  95.5486 
183 4.79666666666667  93.2126 
184 4.79866666666667  93.3238 
185 4.79766666666667  91.1266 
186 6.72433333333333  88.7584 
187 4.83216666666667  88.9864 
188 2.45983333333334  88.7966 
189 0.743500000000004  86.4276 
190 -1.237  86.508 
191 -1.30966666666667  88.9564 
192 -3.41683333333334  91.2342 
193 -1.68983333333333  93.5906 
194 -3.5735  95.8876 
195 -5.323  98.184 
196 -5.30566666666667  100.5122 
197 -5.18783333333333  100.2824 
198 -1.237  100.3906 
199 -1.40266666666667  100.4992 
200 0.579999999999999  98.2186 
201 4.51216666666667  95.938 
202 6.66783333333334  93.6768 
203 8.68116666666667  91.3362 
204 10.5468333333333  91.3136 
205 12.3338333333333  91.2912 
206 10.5193333333333  91.3488 
207 12.3108333333333  93.736 
208 10.3423333333333  96.0142 
209 16.2408333333333  95.905 
210 18.376  95.7956 
211 18.294  98.015 
212 20.0801666666667  100.2746 
213 15.9831666666667  100.2048 
214 15.9986666666667  97.9276 
215 13.9985  95.5908 
216 17.815  93.314 
217 17.8143333333333  91.0374 
218 15.8361666666667  88.7008 
219 9.9245  88.811 
220 5.77783333333334  88.9218 
221 3.62733333333333  86.7034 
222 1.50616666666667  86.6628 
223 1.49266666666667  89.0108 
224 3.47183333333334  91.2484 
225 7.26683333333334  93.5456 
226 5.28183333333334  95.7828 
227 5.3705  98.0194 
228 7.6015  100.316 
229 11.4951666666667  102.553 
230 15.4461666666667  104.79 
231 15.7135  107.027 
232 19.7946666666667  104.678 
233 23.7761666666667  102.3294 
234 21.965  100.1102 
235 18.2721666666667  97.8712 
236 16.275  95.522 
237 14.1885  93.3612 
238 11.9418333333333  91.2006 
239 8.04333333333332  91.2388 
240 4.11983333333332  91.2774 
241 4.00183333333332  91.3158 
242 1.94033333333333  93.7018 
243 1.9385  96.0884 
244 3.7685  98.3456 
245 3.95  100.6226 
246 7.91416666666667  103.0096 
247 15.7625  105.1482 
248 21.543  107.347 
249 29.122  107.347 
250 32.8203333333333  107.3466 
251 32.7915  107.346 
252 30.9228333333333  104.979 
253 28.9408333333333  102.7208 
254 26.9418333333333  102.6216 
255 30.5048333333333  102.602 
256 28.505  102.5828 
257 22.5066666666667  102.5444 
258 18.6048333333333  102.5048 
259 12.7895  100.1172 
260 11.242  97.7296 
261 11.437  95.5314 
262 13.4841666666667  95.7004 
263 13.6355  95.7792 
264 13.5555  93.4902 
265 11.7385  93.5298 
266 11.86  91.1606 
267 12.1146666666667  88.8714 
268 12.2346666666667  86.523 
269 14.4905  88.93 
270 16.4231666666667  91.3372 
271 18.2446666666667  93.5556 
272 18.232  95.7742 
273 22.0633333333333  97.9738 
274 24.1096666666667  100.3818 
275 26.2498333333333  100.4014 
276 26.2658333333333  102.8296 
277 26.0303333333333  105.2566 
278 26.0836666666667  107.6832 
279 25.9353333333333  107.7024 
280 27.6703333333333  107.7214 
281 29.7153333333333  107.7406 
282 31.6336666666667  107.679 
283 29.6216666666667  107.6972 
284 29.7036666666667  107.7152 
285 33.2296666666667  107.7138 
286 34.8085  107.7124 
287 34.7763333333333  107.711 
288 32.7395  107.7094 
289 28.8898333333333  107.708 
290 25.0706666666667  107.7074 
291 21.069  107.706 
292 17.1346666666667  107.7852 
293 15.1641666666667  107.7838 
294 15.0483333333333  107.7828 
295 13.0656666666667  107.7016 
296 13.3675  107.7006 
297 13.5201666666667  107.6996 
298 15.5053333333333  107.6986 
299 15.4193333333333  107.6182 
300 13.5408333333333  107.6172 
301 13.509  107.6168 
302 15.5418333333333  107.616 
303 15.6456666666667  107.6158 
304 15.8516666666667  107.6148 
305 10.1208333333333  107.6938 
306 10.0496666666667  107.6934 
307 10.1645  107.6928 
308 10.1776666666667  107.6134 
309 12.1438333333333  107.693 
310 17.9921666666667  107.692 
311 19.9945  105.2848 
312 18.0958333333333  105.1852 
313 19.8075  105.1658 
314 21.5355  105.147 
315 23.4513333333333  105.1276 
316 21.6898333333333  105.1076 
317 23.5875  105.0886 
318 25.555  105.1488 
319 27.521  105.1292 
320 27.4853333333333  102.7224 
321 25.3846666666667  102.8328 
322 27.2336666666667  100.6356 
323 27.5191666666667  98.2472 
324 23.6528333333333  98.2078 
325 25.8868333333333  98.0886 
326 25.6176666666667  98.049 
327 25.7033333333333  98.0088 
328 25.5516666666667  95.541 
329 23.5823333333333  93.2834 
330 17.7711666666667  95.6716 
331 19.7516666666667  97.9492 
332 19.6348333333333  100.2262 
333 19.5345  102.6148 
334 21.5368333333333  102.6546 
335 21.3838333333333  102.6944 
336 25.4855  102.734 
337 21.569  102.775 
338 17.8405  102.8542 
339 19.8433333333333  102.8318 
340 23.7218333333333  102.7902 
341 27.8408333333333  102.7478 
342 27.9591666666667  102.7062 
343 27.9423333333333  100.3176 
344 26.0116666666667  97.929 
345 28.1658333333333  95.6398 
346 24.1865  93.2712 
347 27.8703333333333  90.9014 
348 29.7861666666667  91.0702 
349 27.821  90.9612 
350 23.8385  88.6128 
351 15.858  88.6534 
352 11.8743333333333  88.6938 
353 9.88983333333334  88.7126 
354 7.83533333333334  88.7112 
355 1.68183333333334  88.8022 
356 1.67733333333334  88.893 
357 3.62233333333334  88.8724 
358 7.387  91.0902 
359 12.9458333333333  93.4772 
360 16.8816666666667  93.4772 
361 22.7296666666667  91.088 
362 32.6256666666667  88.7898 
363 34.5963333333333  88.7696 
364 34.7333333333333  91.1374 
365 38.7193333333333  93.3932 
366 36.7181666666667  95.5694 
367 30.9163333333333  95.5696 
368 29  93.1024 
369 21.4086666666667  90.8254 
370 23.5908333333333  90.7456 
371 21.5918333333333  90.6664 
372 15.5618333333333  90.725 
373 17.4745  90.725 
374 21.1566666666667  88.357 
375 21.1381666666667  85.9898 
376 21.1606666666667  83.8512 
377 25.0613333333333  83.8514 
378 26.8406666666667  83.931 
379 28.7546666666667  83.8206 
380 26.4168333333333  86.289 
381 24.7865  88.7772 
382 22.9726666666667  90.9572 
383 21.0896666666667  93.3462 
384 19.4048333333333  95.7356 
385 19.3051666666667  98.1242 
386 23.1513333333333  100.2842 
387 23.2363333333333  102.6926 
388 19.5898333333333  105.1018 
389 19.7881666666667  107.4908 
390 20.0771666666667  105.1022 
391 19.8248333333333  102.614 
392 19.7863333333333  100.2856 
393 17.7161666666667  97.8962 
394 19.5995  95.6956 
395 19.7348333333333  93.3058 
396 18.0463333333333  90.9362 
397 16.2143333333333  88.6582 
398 18.275  86.3402 
399 20.3405  83.9312 
400 18.4213333333333  86.2386 
401 20.3181666666667  88.7052 
402 24.015  91.0314 
403 26.1501666666667  93.398 
404 25.9953333333333  93.1292 
405 21.9921666666667  93.1296 
406 19.9428333333333  95.4792 
407 21.91  95.3282 
408 20.1191666666667  95.217 
409 18.3095  97.5842 
410 18.2941666666667  95.256 
411 16.6826666666667  92.8686 
412 17.1193333333333  88.321 
413 17.1743333333333  86.0634 
414 17.4621666666667  84.0328 
415 21.6098333333333  81.9222 
416 23.6468333333333  79.6124 
417 23.6648333333333  77.4118 
418 27.5421666666667  75.2112 
419 29.2018333333333  70.643 
420 29.3038333333333  68.5526 
421 31.0665  66.4416 
422 28.9481666666667  66.5508 
423 26.963  64.271 
424 26.7908333333333  64.2708 
425 28.4588333333333  64.2706 
426 30.1933333333333  64.418 
427 28.1258333333333  66.765 
428 23.8791666666667  66.7646 
429 19.864  66.8754 
430 17.611  69.0762 
431 17.427  69.0768 
432 17.5481666666667  69.0784 
433 19.5636666666667  69.1392 
434 17.8881666666667  69.14 
435 16.0563333333333  69.141 
436 14.4078333333333  66.904 
437 14.4913333333333  64.6676 
438 16.7416666666667  64.7784 
439 18.8931666666667  66.9778 
440 21.0281666666667  64.7774 
441 21.312  67.0156 
442 21.328  69.2532 
443 19.5125  71.491 
444 21.476  71.38 
445 21.4915  71.3992 
446 19.4413333333333  73.6972 
447 21.3533333333333  73.586 
448 21.365  73.6048 
449 21.2146666666667  71.4248 
450 19.228  73.644 
451 15.2616666666667  73.645 
452 17.4086666666667  71.4264 
453 19.2423333333333  69.148 
454 17.3636666666667  69.2778 
455 13.5488333333333  69.2776 
456 19.4963333333333  66.9988 
457 19.4158333333333  67.1286 
458 17.3865  66.9986 
459 17.3863333333333  71.435 
460 23.218  71.4132 
461 29.0668333333333  71.4312 
462 28.7696666666667  75.8684 
463 28.5368333333333  78.165 
464 30.2495  80.2344 
465 38.049  82.2436 
466 35.9203333333333  84.5402 
467 36.0551666666667  86.8376 
468 39.9233333333333  91.4846 
469 43.9236666666667  89.3642 
470 44.008  91.7024 
471 44.0085  91.7814 
472 40.1103333333333  89.434 
473 40.4111666666667  87.235 
474 42.3115  85.055 
475 42.2425  82.9352 
476 44.2228333333333  85.0562 
477 46.0033333333333  85.0374 
478 46.0173333333333  82.7988 
479 44.0346666666667  82.7604 
480 43.8986666666667  78.134 
481 41.899  75.8182 
482 45.78  76.0062 
483 47.4423333333334  75.7982 
484 45.4413333333333  78.1674 
485 45.5095  80.3274 
486 45.493  80.308 
487 45.5771666666667  82.4688 
488 45.3261666666667  84.6292 
489 45.2895  84.5896 
490 45.3406666666667  89.0982 
491 47.2386666666667  93.5356 
492 43.272  93.4958 
493 43.4925  95.9046 
494 45.4936666666667  98.0248 
495 45.442  98.2136 
496 43.4908333333333  98.2734 
497 43.511  98.2732 
498 43.7636666666667  96.073 
499 47.7965  96.073 
500 45.9363333333333  93.9136 
501 46.0556666666667  91.7136 
502 50.0055  91.7136 
503 49.9871666666667  91.7132 
504 51.8841666666666  89.5726 
505 47.9365  91.7726 
506 49.8711666666666  91.772 
507 49.8538333333333  91.771 
508 51.8343333333333  91.7708 
509 49.8386666666667  93.9104 
510 49.7188333333333  93.85 
511 47.8203333333333  96.0492 
512 43.852  96.0492 
513 43.8288333333333  96.0486 
514 39.9135  96.0486 
515 41.746  93.8482 
516 39.7613333333333  91.6278 
517 41.6913333333333  87.0788 
518 37.6938333333333  87.0764 
519 37.6601666666667  87.1144 
520 39.6446666666667  87.1716 
521 43.6431666666667  84.9498 
522 47.528  87.1276 
523 45.4835  89.2656 
524 45.4856666666667  89.243 
525 45.6725  91.4212 
526 47.6733333333333  91.3392 
527 45.7736666666667  93.6054 
528 45.7896666666667  93.5848 
529 45.7888333333333  91.383 
530 45.7883333333333  93.5024 
531 47.6685  93.5016 
532 47.668  91.3004 
533 47.6515  89.1392 
534 47.6671666666667  89.1386 
535 47.6485  86.9378 
536 49.6441666666666  86.9972 
537 49.6128333333333  86.93 
538 51.5961666666667  86.9912 
539 51.512  87.053 
540 47.528  82.5858 
541 47.5273333333333  84.8476 
542 47.6288333333333  82.5206 
543 49.6121666666667  84.7624 
544 51.4943333333333  84.6546 
545 51.5268333333333  82.4368 
546 51.529  80.3384 
547 51.529  80.5662 
548 51.5303333333333  78.1178 
549 53.5441666666667  78.039 
550 55.5443333333333  78.1488 
551 53.5466666666667  73.67 
552 53.5463333333333  73.7802 
553 53.4636666666667  69.3212 
554 53.5965  67.2312 
555 55.5641666666667  67.2312 
556 53.433  67.0718 
557 53.3476666666667  66.9734 
558 53.3931666666667  69.3626 
559 51.4638333333333  67.182 
560 55.4455  67.1614 
561 51.4498333333333  67.2008 
562 51.4491666666667  67.1406 
563 55.648  69.3406 
564 55.5123333333333  71.5408 
565 53.513  73.7606 
566 53.6466666666667  73.8008 
567 55.6455  71.5806 
568 53.6168333333333  69.3802 
569 49.6305  69.3204 
570 47.6471666666667  69.2506 
571 49.6448333333333  69.2512 
572 49.6626666666667  69.4104 
573 47.461  69.51 
574 45.6138333333333  69.5488 
575 45.6138333333333  71.7878 
576 45.613  76.1868 
577 43.6995  78.4458 
578 47.5785  80.5364 
579 47.6986666666667  82.8766 
580 47.6836666666666  85.2256 
581 47.5  85.1836 
582 45.4813333333333  87.3428 
583 43.5676666666667  87.3222 
584 45.4181666666667  89.5428 
585 45.2831666666667  89.563 
586 45.282  89.6236 
587 47.2643333333333  91.8242 
588 47.3505  91.9736 
589 53.0978333333333  91.9328 
590 53.0965  91.9328 
591 55.262  94.1932 
592 59.1105  96.3936 
593 59.0048333333333  98.573 
594 57.1195  96.3528 
595 61.2376666666667  94.1326 
596 65.2215  91.932 
597 67.1215  89.732 
598 67.14  87.5312 
599 67.259  87.5506 
600 71.2446666666667  87.5704 
601 73.2286666666667  87.5706 
602 73.3855  85.3702 
603 77.323  83.1112 
604 79.4288333333333  83.1106 
605 77.446  85.3302 
606 77.4468333333333  85.3304 
607 77.4803333333333  85.3298 
608 79.3466666666666  87.53 
609 79.3793333333333  87.5104 
610 79.174  87.4902 
611 75.1908333333333  87.4898 
612 75.3235  87.5092 
613 73.3601666666667  89.768 
614 73.2741666666667  91.9678 
615 71.189  91.948 
616 67.2385  91.967 
617 65.3391666666667  91.9866 
618 63.4878333333334  92.0058 
619 63.3708333333333  89.6556 
620 61.6088333333334  89.5942 
621 65.6428333333333  87.4128 
622 67.4386666666667  87.1842 
623 67.6878333333333  82.7654 
624 69.6033333333333  80.5638 
625 71.7375  80.582 
626 75.6533333333333  80.5608 
627 77.6705  80.56 
628 79.5878333333333  78.1912 
629 81.7046666666667  75.9712 
630 81.7391666666667  73.8126 
631 79.8246666666667  73.7742 
632 79.8256666666667  76.2016 
633 81.7421666666667  78.4388 
634 83.5916666666667  78.4586 
635 83.592  76.1788 
636 81.609  78.3786 
637 79.625  80.578 
638 77.6401666666667  80.7258 
639 75.6241666666667  87.4542 
640 75.6238333333334  91.8924 
641 75.5546666666667  94.0502 
642 73.7731666666667  91.8496 
643 73.6548333333333  91.8488 
644 71.8721666666667  89.4606 
645 71.688  87.1518 
646 69.6355  82.7512 
647 69.5858333333333  75.9028 
648 69.6875  73.534 
649 69.6356666666667  71.3152 
650 69.6335  64.6364 
651 71.5166666666667  62.476 
652 73.3988333333333  60.2356 
653 73.4165  57.996 
654 73.4153333333333  58.1434 
655 73.4638333333333  62.6912 
656 75.5506666666667  62.6118 
657 73.5688333333333  65.0196 
658 73.5166666666667  69.5872 
659 73.465  67.4252 
660 73.5343333333333  69.515 
661 71.5503333333333  69.3668 
662 69.5653333333333  67.1276 
663 69.5813333333333  69.3078 
664 71.6003333333333  67.0684 
665 73.618  62.5688 
666 75.6513333333333  60.3292 
667 79.5661666666667  60.3094 
668 81.6183333333333  58.0504 
669 83.638  55.8108 
670 85.5538333333334  55.8596 
671 87.5383333333333  53.768 
672 89.439  53.6588 
673 89.406  49.1302 
674 89.272  51.3322 
675 87.2893333333333  51.3942 
676 85.3053333333333  53.656 
677 83.3213333333333  55.8766 
678 81.3368333333333  58.1164 
679 77.353  62.4472 
680 73.3508333333333  62.5674 
681 69.2841666666667  64.8276 
682 69.3518333333333  71.5962 
683 67.368  71.5362 
684 63.4671666666667  69.3562 
685 63.434  67.1754 
686 65.4028333333333  64.9948 
687 67.3705  62.8144 
688 69.3216666666667  62.8538 
689 73.2223333333333  60.7826 
690 75.2241666666667  62.9824 
691 77.29  60.6132 
692 77.2893333333333  53.954 
693 77.425  56.3232 
694 79.562  60.7802 
695 81.5796666666667  65.2374 
696 79.4935  67.4346 
697 75.679  67.2658 
698 73.563  65.046 
699 73.6465  65.0462 
700 75.646  62.846 
701 77.6465  69.6148 
702 75.6995  74.0736 
703 75.5298333333333  74.1324 
704 75.4088333333333  74.0538 
705 73.291  73.9754 
706 73.3568333333333  74.0162 
707 77.1876666666667  71.816 
708 79.321  71.8162 
709 79.2535  74.016 
710 77.2361666666667  74.0156 
711 73.2545  69.6154 
712 73.2016666666667  69.6352 
713 75.2198333333334  69.6354 
714 75.2205  71.8946 
715 75.3206666666667  71.9538 
716 77.1235  74.1536 
717 75.039  76.522 
718 72.9208333333333  76.5214 
719 70.9875  76.521 
720 72.9713333333333  76.521 
721 76.936  78.7206 
722 78.9353333333333  78.7008 
723 77.0541666666666  78.7008 
724 77.056  76.501 
725 77.0571666666667  74.133 
726 73.309  69.6742 
727 73.3775  69.6942 
728 73.4795  69.714 
729 73.4623333333333  69.7336 
730 67.5281666666667  71.953 
731 61.526  69.7722 
732 57.543  69.8114 
733 55.4385  69.8296 
734 53.4535  72.0474 
735 53.4525  74.454 
736 55.4176666666667  78.9514 
737 57.4005  76.5622 
738 57.3661666666667  78.5738 
739 57.3315  76.3736 
740 61.2493333333333  76.3934 
741 67.2681666666667  80.7928 
742 71.2355  78.5726 
743 73.2876666666667  80.7728 
744 75.2715  76.1856 
745 75.271  76.1852 
746 75.2718333333333  75.997 
747 73.2865  80.3968 
748 73.2695  80.5854 
749 73.271  82.7862 
750 75.2881666666667  82.7862 
751 75.2538333333333  80.5878 
752 75.2538333333333  80.5884 
753 75.1398333333333  80.5894 
754 75.1058333333333  80.7782 
755 76.9676666666666  80.7596 
756 78.95  80.9286 
757 79.0193333333333  78.9176 
758 81.0533333333333  81.117 
759 83.0698333333333  78.9164 
760 83.0698333333333  76.6968 
761 81.1388333333333  76.6962 
762 79.1385  81.0962 
763 79.1678333333333  76.507 
764 77.2015  78.6858 
765 73.3393333333333  78.6644 
766 73.3395  80.8236 
767 75.2543333333333  80.8022 
768 75.2545  76.3018 
769 75.2556666666667  76.2608 
770 75.2558333333333  78.4196 
771 77.187  78.3786 
772 79.1875  76.1374 
773 81.189  78.4256 
774 83.2578333333333  78.4052 
775 87.2413333333333  76.126 
776 87.2413333333334  76.1256 
777 87.2423333333333  80.5054 
778 85.3266666666667  82.785 
779 83.3416666666667  87.185 
780 79.4766666666667  87.1852 
781 75.4936666666667  84.9858 
782 73.494  84.9862 
783 71.493  89.4464 
784 71.407  89.447 
785 69.4076666666667  89.5068 
786 67.407  87.3272 
787 65.407  82.928 
788 65.323  80.7082 
789 67.2898333333333  78.5082 
790 69.2076666666667  76.3082 
791 71.1433333333333  76.1598 
792 71.0931666666667  71.7414 
793 71.0445  67.3232 
794 69.081  65.1046 
795 67.0485  65.086 
796 67.0336666666667  60.6474 
797 67.0336666666667  60.6288 
798 69.0188333333333  62.83 
799 69.022  60.6116 
800 70.9541666666667  60.5934 
801 72.9865  60.7612 
802 75.0213333333333  60.6312 
803 77.056  58.3006 
804 79.0383333333333  60.5388 
805 83.0546666666667  60.5764 
806 83.1395  65.0144 
807 85.1245  67.2522 
808 85.124  67.2106 
809 85.123  69.2804 
810 83.2073333333333  71.439 
811 81.2243333333333  71.3802 
812 79.2403333333334  73.6896 
813 77.255  75.9198 
814 79.2228333333333  71.4414 
815 79.2243333333333  73.4742 
816 81.14  71.2754 
817 81.139  71.2762 
818 81.139  69.0774 
819 81.14  69.2668 
820 81.0878333333333  69.3472 
821 81.1026666666667  69.4068 
822 81.1705  69.4662 
823 83.1558333333333  71.7448 
824 83.1558333333333  74.0238 
825 83.1548333333333  71.9924 
826 83.0548333333333  71.992 
827 83.0558333333333  69.7916 
828 81.1401666666667  69.7912 
829 79.1551666666667  67.5704 
830 79.1386666666667  67.5696 
831 79.1235  67.5692 
832 80.9538333333333  69.7692 
833 78.9688333333333  67.5698 
834 78.9688333333334  67.5698 
835 78.9698333333334  69.7694 
836 79.0698333333333  69.7096 
837 77.1006666666667  71.9098 
838 77.0481666666667  71.9694 
839 77.083  71.9694 
840 77.0973333333333  69.7696 
841 77.1145  69.7694 
842 75.1495  67.4 
843 75.1658333333333  67.4012 
844 71.2845  65.143 
845 67.2823333333333  62.8848 
846 65.3138333333333  60.686 
847 63.364  58.4474 
848 63.364  58.3296 
849 63.3445  58.2718 
850 63.3453333333333  56.0138 
851 63.3433333333333  53.6454 
852 63.4416666666667  56.0726 
853 63.4258333333333  56.1692 
854 65.3231666666667  58.4658 
855 67.3403333333333  58.5624 
856 69.3088333333333  63.0588 
857 73.2278333333333  63.135 
858 75.196  65.4904 
859 77.1646666666667  65.527 
860 79.1338333333333  70.0228 
861 81.103  72.4288 
862 83.0555  72.2018 
863 85.039  74.4024 
864 86.9393333333333  76.6028 
865 88.8391666666667  76.6034 
866 88.8391666666667  76.6042 
867 88.8381666666667  76.3978 
868 86.889  76.3802 
869 86.89  76.4212 
870 86.89  76.4026 
871 86.889  80.7846 
872 86.889  78.7134 
873 86.89  76.434 
874 85.0245  74.0256 
875 85.1086666666667  76.1474 
876 85.1086666666667  75.959 
877 85.1096666666667  80.5064 
878 85.0895  78.265 
879 81.1691666666667  78.224 
880 77.2166666666667  75.9234 
881 77.2166666666667  71.4232 
882 77.2166666666667  73.6618 
883 77.2156666666667  71.3326 
884 79.1648333333333  69.2808 
885 79.1658333333333  66.9702 
886 79.1658333333333  64.8598 
887 77.2156666666667  62.6598 
888 79.1675  62.6594 
889 83.0878333333333  62.6592 
890 87.0403333333333  62.7186 
891 87.0245  60.4296 
892 84.9911666666667  55.9922 
893 85.008  60.5618 
894 85.008  64.813 
895 83.0578333333333  64.7932 
896 81.0721666666667  62.4834 
897 83.0218333333333  58.0458 
898 83.0393333333333  58.0286 
899 83.0383333333333  60.2114 
900 83.0383333333333  57.9944 
901 83.0551666666667  62.5838 
902 85.0885  64.8418 
903 83.156  62.661 
904 81.172  62.87 
905 81.1378333333333  62.8696 
906 83.1235  65.2392 
907 83.123  67.4378 
908 83.123  67.4162 
909 83.124  65.2538 
910 83.124  71.8914 
911 83.123  74.071 
912 81.1548333333333  78.4706 
913 79.1541666666667  80.4816 
914 79.1875  75.8132 
915 79.2016666666667  78.1236 
916 77.2325  78.0642 
917 75.2643333333333  80.285 
918 73.2951666666667  77.9162 
919 73.1766666666667  80.0754 
920 71.1926666666667  75.5752 
921 69.2096666666667  73.3336 
922 71.1783333333334  71.0728 
923 75.0946666666667  69.0008 
924 77.0453333333333  73.5886 
925 79.0155  73.606 
926 80.9846666666667  75.8436 
927 82.8358333333333  75.8612 
928 82.821  80.4488 
929 80.9555  75.9208 
930 82.94  78.2206 
931 84.923  76.0608 
932 84.9225  73.733 
933 84.9235  73.7926 
934 82.9555  73.8518 
935 82.954  73.912 
936 82.837  73.9524 
937 80.971  73.9926 
938 80.971  71.8524 
939 82.954  76.4402 
940 82.9535  76.3998 
941 82.9545  78.6202 
942 82.9386666666667  81.0082 
943 80.9043333333333  83.2282 
944 80.8368333333333  78.6408 
945 80.8696666666666  76.4008 
946 80.8696666666666  76.36 
947 80.8696666666667  74.119 
948 82.8351666666667  78.4186 
949 82.8361666666667  76.1786 
950 80.868  71.6504 
951 80.8675  69.391 
952 80.8823333333333  69.3316 
953 82.9166666666667  66.923 
954 84.9521666666667  69.1222 
955 83.0051666666667  71.3412 
956 81.1371666666667  73.6004 
957 81.1371666666667  78.0402 
958 79.1716666666667  75.9196 
959 77.1876666666667  78.1386 
960 79.1553333333333  80.4464 
961 79.1558333333333  80.4842 
962 79.1568333333333  80.5224 
963 79.1568333333333  80.6902 
964 79.1558333333333  83.0582 
965 81.0715  80.8582 
966 81.0883333333333  76.4186 
967 81.1041666666667  74.1988 
968 79.2033333333333  71.9988 
969 81.1868333333333  69.7988 
970 81.1873333333333  69.858 
971 81.1873333333333  69.8584 
972 81.0863333333333  67.6586 
973 81.0863333333333  67.6586 
974 79.1716666666667  63.09 
975 77.1876666666667  63.0708 
976 77.1711666666667  63.0302 
977 77.1543333333334  60.8496 
978 81.0385  63.0096 
979 81.039  63.029 
980 81.039  65.2488 
981 81.039  67.4686 
982 81.139  69.7078 
983 81.139  71.9466 
984 81.0868333333334  76.5346 
985 83.0703333333334  78.7738 
986 83.1383333333333  81.0338 
987 85.1233333333333  81.034 
988 85.124  83.2936 
989 83.2083333333333  85.4938 
990 81.2233333333333  87.634 
991 79.239  85.4342 
992 77.256  83.1548 
993 77.2565  80.936 
994 79.2233333333333  80.9358 
995 79.2231666666666  78.7354 
996 81.1398333333333  76.5356 
997 81.1398333333333  76.4756 
998 81.1398333333333  74.276 
999 83.0545  76.5158 
1000 83.0555  74.375 
1001 84.9235  76.5736 
1002 84.8741666666667  81.053 
1003 82.8375  80.865 
1004 80.9401666666667  76.2768 
1005 78.9736666666667  78.4976 
1006 77.0065  80.7182 
1007 77.0223333333333  78.3904 
1008 77.0391666666667  78.3904 
1009 77.2238333333333  71.563 
1010 77.1738333333333  69.345 
1011 77.307  67.1272 
1012 79.3561666666667  67.0884 
1013 81.4091666666667  67.1972 
1014 83.2243333333333  71.7068 
1015 85.2083333333333  71.6674 
1016 85.2245  71.6272 
1017 83.3078333333333  76.1952 
1018 79.2721666666667  71.6068 
1019 75.0705  76.1764 
1020 73.0853333333334  75.9672 
1021 73.0858333333334  75.7982 
1022 73.0868333333333  71.3384 
1023 73.0868333333333  69.1384 
1024 73.1858333333333  64.738 
1025 73.1858333333333  60.3564 
1026 75.1536666666667  55.7282 
1027 77.0713333333333  53.5288 
1028 81.106  55.8978 
1029 83.2236666666667  55.8366 
1030 87.2596666666667  56.0456 
1031 87.2591666666667  60.6142 
1032 85.2901666666667  58.2454 
1033 85.1896666666667  60.485 
1034 85.1906666666667  62.7244 
1035 83.2735  62.5368 
1036 81.2885  67.165 
1037 79.3045  67.1636 
1038 77.3215  67.163 
1039 79.2386666666667  67.2226 
1040 79.2376666666667  67.2216 
1041 79.2361666666667  60.4528 
1042 81.2051666666667  67.3016 
1043 81.3056666666667  69.5416 
1044 81.3046666666667  69.5816 
1045 83.2218333333334  74.17 
1046 85.2068333333333  71.9902 
1047 85.2736666666667  74.2112 
1048 85.2886666666667  78.6312 
1049 83.3206666666667  76.3922 
1050 79.4375  78.5526 
1051 75.487  83.0816 
1052 71.5336666666667  78.6814 
1053 67.5801666666667  76.4816 
1054 65.5955  74.0934 
1055 63.6106666666667  74.0346 
1056 63.6096666666667  71.7754 
1057 65.5268333333333  71.7166 
1058 67.4958333333333  69.458 
1059 69.4623333333333  69.4582 
1060 73.3455  67.0696 
1061 77.2975  62.4808 
1062 81.2508333333333  60.3192 
1063 85.2043333333333  64.7174 
1064 87.189  71.5238 
1065 87.2566666666667  73.7802 
1066 87.2576666666667  80.4566 
1067 87.2576666666667  78.1258 
1068 87.2566666666667  75.7958 
1069 85.2901666666667  73.4658 
1070 85.1906666666667  73.6732 
1071 85.1891666666667  76.1404 
1072 85.1881666666667  78.1126 
1073 83.2725  78.1124 
1074 81.2895  78.0934 
1075 81.2226666666667  73.6944 
1076 79.2373333333333  66.8876 
1077 79.2358333333333  69.2776 
1078 79.2368333333333  73.8666 
1079 81.2048333333333  76.256 
1080 81.3043333333333  76.2972 
1081 81.3058333333333  78.4786 
1082 81.3068333333333  78.6676 
1083 83.221  74.2694 
1084 85.204  67.4812 
1085 83.3045  67.4424 
1086 85.2893333333334  71.9518 
1087 85.2908333333334  69.7112 
1088 85.2898333333333  62.9218 
1089 85.1883333333333  60.532 
1090 85.1893333333333  60.5104 
1091 83.2736666666667  60.4888 
1092 81.2886666666667  62.6678 
1093 79.3061666666667  60.2782 
1094 77.3231666666667  62.6268 
1095 81.2051666666667  60.278 
1096 81.2046666666667  55.7688 
1097 81.2046666666667  53.55 
1098 81.2056666666667  53.55 
1099 81.3071666666667  53.55 
1100 81.3061666666667  53.382 
1101 83.0853333333334  48.9232 
1102 83.1023333333333  51.103 
1103 83.2013333333333  53.451 
1104 85.1843333333333  53.4502 
1105 85.1858333333334  55.7976 
1106 83.2711666666667  60.3454 
1107 81.2856666666667  64.763 
1108 79.3003333333333  69.251 
1109 77.3178333333333  71.5396 
1110 75.3345  73.8884 
1111 75.471  78.3674 
1112 77.438  78.3472 
1113 79.3215  82.707 
1114 79.3225  84.8674 
1115 79.3225  86.92 
1116 81.2371666666667  86.9414 
1117 83.2226666666667  84.7624 
1118 83.2398333333333  82.6434 
1119 83.253  84.9238 
1120 85.1518333333333  82.7444 
1121 85.1518333333333  80.5252 
1122 85.1528333333333  78.3858 
1123 85.1543333333333  74.0468 
1124 85.0533333333334  71.9074 
1125 85.0518333333333  72.0758 
1126 85.0528333333334  69.8754 
1127 84.9528333333333  69.8752 
1128 86.92  69.8744 
1129 88.7893333333333  65.246 
1130 88.7581666666667  65.267 
1131 86.7726666666667  65.2674 
1132 84.7873333333333  60.6792 
1133 82.8033333333333  60.5104 
1134 79.0391666666667  64.9108 
1135 79.0401666666667  62.7112 
1136 79.0391666666667  62.712 
1137 79.1376666666667  62.7122 
1138 79.1386666666667  64.913 
1139 79.2386666666667  67.3418 
1140 79.3543333333333  69.5208 
1141 81.3398333333333  69.3516 
1142 83.3251666666667  71.7384 
1143 85.2076666666667  76.3254 
1144 89.0718333333333  71.7564 
1145 89.0723333333333  69.4978 
1146 89.0733333333334  67.2386 
1147 88.9748333333334  67.0698 
1148 87.0056666666667  62.6118 
1149 85.036  64.7536 
1150 82.969  64.7732 
1151 81  67.1618 
1152 78.9306666666667  66.915 
1153 78.9306666666667  62.4374 
1154 76.9793333333333  60.2868 
1155 75.0255  64.6856 
1156 73.0721666666667  66.7746 
1157 71.2195  66.9824 
1158 73.2203333333333  66.8702 
1159 75.2216666666667  64.7072 
1160 77.2691666666667  62.3178 
1161 79.2366666666667  57.7284 
1162 81.306  57.8382 
1163 81.4075  57.839 
1164 83.3588333333333  57.7292 
1165 85.3126666666667  57.8284 
1166 87.166  55.6288 
1167 89.1171666666667  53.4106 
1168 89.0013333333333  55.841 
1169 88.9696666666667  55.9222 
1170 88.8901666666667  56.151 
1171 88.8916666666667  58.3514 
1172 88.8906666666667  56.211 
1173 88.7891666666667  54.0106 
1174 88.7901666666667  54.1804 
1175 88.6901666666667  51.7714 
1176 88.656  51.7108 
1177 86.6735  56.0688 
1178 84.7733333333333  58.1878 
1179 82.7878333333333  62.526 
1180 82.8011666666667  62.446 
1181 80.8171666666667  64.794 
1182 80.699  69.2518 
1183 78.8323333333333  73.6896 
1184 78.863  78.1278 
1185 78.9931666666667  82.6762 
1186 79.159  85.0252 
1187 81.1746666666667  80.4772 
1188 83.1896666666667  78.0688 
1189 85.1055  73.6704 
1190 83.124  78.091 
1191 85.1215  75.9122 
1192 85.2396666666667  73.5444 
1193 87.2078333333333  73.5452 
1194 87.0771666666667  68.997 
1195 87.047  64.5954 
1196 87.0143333333333  62.3068 
1197 86.8811666666667  64.6166 
1198 86.8505  62.5262 
1199 86.8201666666667  60.2866 
1200 88.7541666666667  53.6474 
1201 86.7566666666667  51.4082 
1202 84.6901666666667  51.5574 
1203 82.7043333333333  49.3578 
1204 82.8033333333333  53.887 
1205 82.8033333333333  53.8702 
1206 82.8043333333333  53.87 
1207 82.9058333333333  51.5596 
1208 82.9048333333333  51.599 
1209 83.0033333333333  51.469 
1210 83.1375  51.509 
1211 85.1215  53.5786 
1212 87.088  53.5398 
1213 89.0738333333333  53.4414 
1214 89.0748333333333  51.2226 
1215 89.0733333333334  49.0032 
1216 88.8373333333333  49.1338 
1217 86.8691666666667  49.2048 
1218 84.9016666666667  51.504 
1219 84.8186666666667  53.8934 
1220 84.8176666666667  58.3118 
1221 84.7161666666667  60.7006 
1222 84.684  60.7788 
1223 82.7  63.117 
1224 80.715  65.2064 
1225 78.7325  67.4254 
1226 76.9845  71.8444 
1227 76.9671666666667  73.9938 
1228 78.9493333333333  73.9152 
1229 79.0338333333333  73.8356 
1230 79.0348333333333  69.3574 
1231 79.1363333333333  67.0784 
1232 79.2685  69.2772 
1233 79.3698333333333  69.2762 
1234 81.3543333333333  67.2638 
1235 83.3383333333333  64.934 
1236 85.3213333333333  60.3844 
1237 87.2068333333333  62.7326 
1238 87.1931666666667  62.8512 
1239 87.1916666666667  65.1104 
1240 87.1906666666667  69.6288 
1241 87.1906666666667  69.748 
1242 87.0916666666667  67.589 
1243 88.9743333333333  67.6288 
1244 88.9738333333333  69.8892 
1245 88.8723333333333  76.7374 
1246 88.8733333333333  81.365 
1247 88.8718333333333  78.9966 
1248 88.8708333333334  80.9678 
1249 88.7723333333333  76.5078 
1250 88.6401666666667  76.3884 
1251 86.6546666666667  74.0684 
1252 84.7693333333333  73.84 
1253 82.7853333333333  71.62 
1254 80.8023333333333  69.3798 
1255 80.9038333333333  64.94 
1256 80.9028333333333  67.1398 
1257 81.0028333333333  71.7476 
1258 79.1226666666667  71.9556 
1259 79.2221666666667  74.2546 
1260 79.3543333333333  72.0928 
1261 81.3398333333333  78.8108 
1262 83.3251666666667  83.4182 
1263 85.2076666666667  83.4182 
1264 87.1906666666667  87.818 
1265 89.2058333333334  90.0176 
1266 89.2068333333334  85.5978 
1267 89.1083333333334  83.3976 
1268 90.9895  83.3376 
1269 90.9885  85.4774 
1270 90.8885000000001  87.6774 
1271 90.8885000000001  85.458 
1272 88.9073333333334  81.0582 
1273 88.8751666666667  81.058 
1274 86.8911666666667  76.6584 
1275 82.8901666666667  74.4586 
1276 80.9061666666667  74.4586 
1277 80.9038333333333  72.2592 
1278 78.9188333333334  67.7114 
1279 78.9203333333333  63.2722 
1280 79.0213333333333  58.8332 
1281 79.0198333333333  56.5344 
1282 81  56.4348 
1283 81.1336666666667  56.3354 
1284 83.1186666666667  54.0358 
1285 85.1045  56.0764 
1286 87.0875  53.7774 
1287 87.0883333333333  53.6776 
1288 89.0718333333333  55.8174 
1289 89.0718333333333  58.0598 
1290 89.0708333333334  60.2424 
1291 88.9723333333334  62.5634 
1292 88.9733333333333  62.4552 
1293 88.9718333333334  60.2566 
1294 88.8708333333334  64.6776 
1295 88.8708333333334  62.5386 
1296 88.7718333333333  62.4796 
1297 88.7401666666667  64.6812 
1298 86.7566666666667  62.5412 
1299 84.7711666666667  60.1904 
1300 82.7881666666667  62.2992 
1301 81.007  57.6692 
1302 81.0055  57.8176 
1303 81.007  62.256 
1304 81.108  62.2148 
1305 81.1065  62.253 
1306 81.2055  66.7508 
1307 81.3386666666667  64.4406 
1308 83.3236666666667  64.4404 
1309 85.2091666666667  66.73 
1310 87.1921666666667  64.6796 
1311 89.0718333333333  67.029 
1312 88.9733333333333  67.0296 
1313 88.9733333333333  69.2308 
1314 88.8723333333333  69.3112 
1315 88.6546666666667  69.103 
1316 86.5543333333333  66.9454 
1317 82.5993333333333  67.1356 
1318 80.6298333333333  69.5256 
1319 80.7298333333333  71.8248 
1320 80.7308333333333  74.0642 
1321 80.7323333333333  76.324 
1322 80.8313333333333  76.174 
1323 80.8298333333333  71.7344 
1324 80.9308333333333  69.4352 
1325 81.15  69.6052 
1326 83.1503333333334  67.3252 
1327 87.1053333333333  65.0452 
1328 89.0748333333333  64.965 
1329 88.9733333333333  60.4858 
1330 88.9723333333334  56.0062 
1331 88.8723333333333  51.5066 
1332 88.7566666666667  51.6162 
1333 86.655  49.4158 
1334 82.7018333333333  47.2554 
1335 80.7315  45.0548 
1336 80.8623333333333  44.9442 
1337 80.8623333333333  47.0334 
1338 80.8613333333333  49.1232 
1339 80.9628333333333  49.1232 
1340 80.9638333333333  51.3428 
1341 81.0623333333333  51.2834 
1342 81.078  49.0246 
1343 83.1811666666667  51.2252 
1344 87.0343333333334  51.2258 
1345 89.0046666666667  53.4262 
1346 88.8738333333334  55.7562 
1347 88.7391666666667  53.5558 
1348 86.7561666666667  51.4658 
1349 84.7718333333333  53.6656 
1350 84.6358333333333  53.6662 
1351 82.6691666666667  53.7456 
1352 82.7696666666667  56.0252 
1353 82.7681666666667  58.2646 
1354 82.8671666666667  60.4246 
1355 82.8671666666667  58.0544 
1356 82.9681666666667  55.8324 
1357 83.0028333333333  55.941 
1358 84.9858333333333  55.9584 
1359 86.9686666666667  53.7558 
1360 87.0046666666667  53.7704 
1361 88.9728333333333  55.9854 
1362 88.8723333333333  55.9998 
1363 88.7406666666667  53.649 
1364 86.7576666666667  53.667 
1365 84.7718333333333  56.0156 
1366 84.6358333333333  55.996 
1367 82.7676666666667  55.9764 
1368 82.7841666666667  55.9378 
1369 82.7856666666667  58.0294 
1370 82.8846666666667  57.903 
1371 82.8831666666667  55.4972 
1372 82.9841666666667  57.7594 
1373 83.0173333333333  57.7586 
1374 85.0003333333333  57.837 
1375 86.9861666666667  57.9154 
1376 87.0221666666667  60.1344 
1377 88.9888333333333  62.4132 
1378 88.8723333333333  62.4896 
1379 88.7391666666667  64.7978 
1380 86.7561666666667  67.1666 
1381 84.7736666666667  71.7352 
1382 84.6376666666667  69.4958 
1383 82.768  69.4968 
1384 80.802  71.6982 
1385 80.802  71.6994 
1386 80.901  73.96 
1387 80.9025  76.0318 
1388 81.0035  76.056 
1389 81.0351666666667  73.9182 
1390 83.0181666666667  71.7204 
1391 84.9021666666667  71.78 
1392 85.0381666666667  73.9802 
1393 86.9078333333333  74.1484 
1394 88.7406666666667  71.888 
1395 86.7551666666667  71.8874 
1396 84.7718333333333  71.8868 
1397 84.7718333333333  72.0156 
1398 84.7708333333333  76.3938 
1399 84.8723333333333  78.5918 
1400 84.7383333333333  82.9704 
1401 82.8686666666667  82.9706 
1402 80.8995  80.7704 
1403 81.015  82.9304 
1404 79.0816666666667  87.39 
1405 81.0826666666667  89.59 
1406 83.066  91.8098 
1407 82.9645  94.0098 
1408 82.9655  91.8094 
1409 82.8655  89.6096 
1410 82.8663333333333  85.2092 
1411 82.852  85.229 
1412 82.8368333333333  87.4482 
1413 82.8198333333333  87.4278 
1414 84.8863333333333  85.2274 
1415 84.8708333333333  87.4266 
1416 84.8718333333333  82.9468 
1417 84.9733333333333  80.7464 
1418 84.9723333333333  78.5466 
1419 85.0695  78.4866 
1420 85.1036666666667  78.4858 
1421 87.0876666666667  80.6654 
1422 89.071  78.4454 
1423 88.9725  76.1372 
1424 88.9735  73.9178 
1425 88.872  69.4984 
1426 88.7378333333333  69.3902 
1427 86.7538333333333  64.8714 
1428 84.7705  67.0506 
1429 84.7733333333333  69.142 
1430 84.8723333333333  66.7742 
1431 84.8708333333333  62.2064 
1432 84.8703333333333  59.8388 
1433 84.9703333333333  59.949 
1434 84.9693333333333  57.7304 
1435 85.0708333333333  57.712 
1436 85.105  55.512 
1437 87.0875  57.871 
1438 89.0708333333334  60.0724 
1439 88.9708333333333  55.6724 
1440 88.9718333333334  60.2214 
1441 88.8733333333333  62.3612 
1442 88.7406666666667  66.9494 
1443 86.7551666666667  67.0278 
1444 84.7721666666667  69.2862 
1445 84.7721666666667  69.1558 
1446 84.8711666666667  71.5246 
1447 84.7376666666667  75.8252 
1448 82.7705  71.4454 
1449 82.8838333333333  73.8142 
1450 82.8828333333333  73.8344 
1451 82.9828333333333  71.8036 
1452 83.017  71.8042 
1453 85.0025  74.0038 
1454 86.8855  76.184 
1455 86.884  76.3532 
1456 86.785  73.9838 
1457 86.7868333333333  67.3258 
1458 86.77  67.268 
1459 84.7723333333333  67.17 
1460 84.7733333333333  64.9318 
1461 84.7718333333333  64.9338 
1462 84.8708333333334  62.656 
1463 84.8693333333333  58.1792 
1464 84.9703333333333  55.9214 
1465 84.9718333333333  58.003 
1466 85.0708333333333  62.5522 
1467 85.1025  62.5008 
1468 87.0875  62.4986 
1469 89.0718333333333  62.3678 
1470 88.9708333333333  64.6036 
1471 88.9723333333334  69.079 
1472 88.8733333333333  68.9678 
1473 88.7401666666667  71.1664 
1474 86.7551666666667  68.9656 
1475 84.7708333333333  66.8248 
1476 84.7718333333333  62.326 
1477 84.8733333333333  62.4358 
1478 84.8708333333334  60.2362 
1479 84.8693333333333  60.4054 
1480 84.9703333333333  62.5862 
1481 84.9703333333333  57.9994 
1482 85.0693333333333  58.11 
1483 85.104  60.3102 
1484 87.089  60.3302 
1485 89.0718333333333  58.1506 
1486 88.9708333333333  60.4306 
1487 88.9708333333333  
1488 88.8733333333333  
1489  
1490  
1491  
1492  
1493  
1494  
1495  
1496  
1497  
1498  
1499  
1500  
