10.1934 
11.6028 
15.3592 
21.315 
27.2706 
35.5752 
43.8798 
43.7106 
53.1924 
58.0156 
65.1684 
72.0804 
74.4786 
74.7558 
75.0334 
72.962 
70.8906 
70.947 
70.985 
73.2226 
73.2022 
75.5902 
80.145 
84.6218 
89.0984 
93.5752 
95.8524 
98.2392 
98.0514 
95.7756 
93.5578 
91.11 
91.11 
91.1092 
91.1086 
91.108 
93.3062 
95.5046 
97.8918 
100.1674 
104.6426 
107.0896 
107.0888 
107.0882 
107.0878 
107.0868 
107.0866 
107.1064 
107.1256 
107.1446 
107.1634 
107.1828 
107.2016 
107.2212 
107.1804 
107.1998 
107.2192 
107.2184 
107.2172 
107.2172 
107.2178 
107.2174 
107.2174 
107.217 
107.2762 
107.2758 
107.2756 
107.2756 
107.2754 
104.8868 
104.886 
104.8854 
104.905 
104.9244 
104.944 
104.9642 
104.9842 
105.0042 
105.0242 
107.432 
107.4514 
107.471 
107.4706 
107.47 
107.4692 
105.0796 
102.8404 
100.6014 
98.2126 
95.9532 
93.505 
91.1162 
88.896 
86.5078 
84.2888 
84.2888 
84.1384 
86.3756 
88.7632 
91.0206 
91.0794 
93.4854 
95.7424 
98.168 
100.425 
102.8508 
105.2762 
105.314 
102.9456 
102.8662 
102.8064 
100.5308 
98.2358 
95.9402 
93.4542 
91.048 
88.6424 
86.388 
86.3882 
84.21 
84.4004 
84.3202 
84.3 
84.1698 
84.3402 
84.431 
84.4618 
84.4012 
84.492 
84.4124 
84.3918 
84.392 
84.3922 
84.502 
84.5012 
84.3302 
86.6668 
88.9438 
91.2206 
93.5776 
95.8748 
98.2314 
100.4482 
102.7452 
102.6546 
105.122 
105.062 
105.0614 
105.0612 
105.0412 
104.9614 
104.9416 
105.0008 
102.5934 
102.6846 
100.3878 
98.1706 
95.8936 
93.6166 
91.2284 
89.0102 
89.0102 
89.0108 
91.3982 
93.6748 
95.9516 
98.2284 
100.5054 
102.7822 
105.17 
107.4476 
107.4466 
107.446 
107.4458 
105.0578 
104.9788 
104.9588 
102.571 
100.3722 
100.3526 
100.2728 
97.8254 
95.5486 
93.2126 
93.3238 
91.1266 
88.7584 
88.9864 
88.7966 
86.4276 
86.508 
88.9564 
91.2342 
93.5906 
95.8876 
98.184 
100.5122 
100.2824 
100.3906 
100.4992 
98.2186 
95.938 
93.6768 
91.3362 
91.3136 
91.2912 
91.3488 
93.736 
96.0142 
95.905 
95.7956 
98.015 
100.2746 
100.2048 
97.9276 
95.5908 
93.314 
91.0374 
88.7008 
88.811 
88.9218 
86.7034 
86.6628 
89.0108 
91.2484 
93.5456 
95.7828 
98.0194 
100.316 
102.553 
104.79 
107.027 
104.678 
102.3294 
100.1102 
97.8712 
95.522 
93.3612 
91.2006 
91.2388 
91.2774 
91.3158 
93.7018 
96.0884 
98.3456 
100.6226 
103.0096 
105.1482 
107.347 
107.347 
107.3466 
107.346 
104.979 
102.7208 
102.6216 
102.602 
102.5828 
102.5444 
102.5048 
100.1172 
97.7296 
95.5314 
95.7004 
95.7792 
93.4902 
93.5298 
91.1606 
88.8714 
86.523 
88.93 
91.3372 
93.5556 
95.7742 
97.9738 
100.3818 
100.4014 
102.8296 
105.2566 
107.6832 
107.7024 
107.7214 
107.7406 
107.679 
107.6972 
107.7152 
107.7138 
107.7124 
107.711 
107.7094 
107.708 
107.7074 
107.706 
107.7852 
107.7838 
107.7828 
107.7016 
107.7006 
107.6996 
107.6986 
107.6182 
107.6172 
107.6168 
107.616 
107.6158 
107.6148 
107.6938 
107.6934 
107.6928 
107.6134 
107.693 
107.692 
105.2848 
105.1852 
105.1658 
105.147 
105.1276 
105.1076 
105.0886 
105.1488 
105.1292 
102.7224 
102.8328 
100.6356 
98.2472 
98.2078 
98.0886 
98.049 
98.0088 
95.541 
93.2834 
95.6716 
97.9492 
100.2262 
102.6148 
102.6546 
102.6944 
102.734 
102.775 
102.8542 
102.8318 
102.7902 
102.7478 
102.7062 
100.3176 
97.929 
95.6398 
93.2712 
90.9014 
91.0702 
90.9612 
88.6128 
88.6534 
88.6938 
88.7126 
88.7112 
88.8022 
88.893 
88.8724 
91.0902 
93.4772 
93.4772 
91.088 
88.7898 
88.7696 
91.1374 
93.3932 
95.5694 
95.5696 
93.1024 
90.8254 
90.7456 
90.6664 
90.725 
90.725 
88.357 
85.9898 
83.8512 
83.8514 
83.931 
83.8206 
86.289 
88.7772 
90.9572 
93.3462 
95.7356 
98.1242 
100.2842 
102.6926 
105.1018 
107.4908 
105.1022 
102.614 
100.2856 
97.8962 
95.6956 
93.3058 
90.9362 
88.6582 
86.3402 
83.9312 
86.2386 
88.7052 
91.0314 
93.398 
93.1292 
93.1296 
95.4792 
95.3282 
95.217 
97.5842 
95.256 
92.8686 
88.321 
86.0634 
84.0328 
81.9222 
79.6124 
77.4118 
75.2112 
70.643 
68.5526 
66.4416 
66.5508 
64.271 
64.2708 
64.2706 
64.418 
66.765 
66.7646 
66.8754 
69.0762 
69.0768 
69.0784 
69.1392 
69.14 
69.141 
66.904 
64.6676 
64.7784 
66.9778 
64.7774 
67.0156 
69.2532 
71.491 
71.38 
71.3992 
73.6972 
73.586 
73.6048 
71.4248 
73.644 
73.645 
71.4264 
69.148 
69.2778 
69.2776 
66.9988 
67.1286 
66.9986 
71.435 
71.4132 
71.4312 
75.8684 
78.165 
80.2344 
82.2436 
84.5402 
86.8376 
91.4846 
89.3642 
91.7024 
91.7814 
89.434 
87.235 
85.055 
82.9352 
85.0562 
85.0374 
82.7988 
82.7604 
78.134 
75.8182 
76.0062 
75.7982 
78.1674 
80.3274 
80.308 
82.4688 
84.6292 
84.5896 
89.0982 
93.5356 
93.4958 
95.9046 
98.0248 
98.2136 
98.2734 
98.2732 
96.073 
96.073 
93.9136 
91.7136 
91.7136 
91.7132 
89.5726 
91.7726 
91.772 
91.771 
91.7708 
93.9104 
93.85 
96.0492 
96.0492 
96.0486 
96.0486 
93.8482 
91.6278 
87.0788 
87.0764 
87.1144 
87.1716 
84.9498 
87.1276 
89.2656 
89.243 
91.4212 
91.3392 
93.6054 
93.5848 
91.383 
93.5024 
93.5016 
91.3004 
89.1392 
89.1386 
86.9378 
86.9972 
86.93 
86.9912 
87.053 
82.5858 
84.8476 
82.5206 
84.7624 
84.6546 
82.4368 
80.3384 
80.5662 
78.1178 
78.039 
78.1488 
73.67 
73.7802 
69.3212 
67.2312 
67.2312 
67.0718 
66.9734 
69.3626 
67.182 
67.1614 
67.2008 
67.1406 
69.3406 
71.5408 
73.7606 
73.8008 
71.5806 
69.3802 
69.3204 
69.2506 
69.2512 
69.4104 
69.51 
69.5488 
71.7878 
76.1868 
78.4458 
80.5364 
82.8766 
85.2256 
85.1836 
87.3428 
87.3222 
89.5428 
89.563 
89.6236 
91.8242 
91.9736 
91.9328 
91.9328 
94.1932 
96.3936 
98.573 
96.3528 
94.1326 
91.932 
89.732 
87.5312 
87.5506 
87.5704 
87.5706 
85.3702 
83.1112 
83.1106 
85.3302 
85.3304 
85.3298 
87.53 
87.5104 
87.4902 
87.4898 
87.5092 
89.768 
91.9678 
91.948 
91.967 
91.9866 
92.0058 
89.6556 
89.5942 
87.4128 
87.1842 
82.7654 
80.5638 
80.582 
80.5608 
80.56 
78.1912 
75.9712 
73.8126 
73.7742 
76.2016 
78.4388 
78.4586 
76.1788 
78.3786 
80.578 
80.7258 
87.4542 
91.8924 
94.0502 
91.8496 
91.8488 
89.4606 
87.1518 
82.7512 
75.9028 
73.534 
71.3152 
64.6364 
62.476 
60.2356 
57.996 
58.1434 
62.6912 
62.6118 
65.0196 
69.5872 
67.4252 
69.515 
69.3668 
67.1276 
69.3078 
67.0684 
62.5688 
60.3292 
60.3094 
58.0504 
55.8108 
55.8596 
53.768 
53.6588 
49.1302 
51.3322 
51.3942 
53.656 
55.8766 
58.1164 
62.4472 
62.5674 
64.8276 
71.5962 
71.5362 
69.3562 
67.1754 
64.9948 
62.8144 
62.8538 
60.7826 
62.9824 
60.6132 
53.954 
56.3232 
60.7802 
65.2374 
67.4346 
67.2658 
65.046 
65.0462 
62.846 
69.6148 
74.0736 
74.1324 
74.0538 
73.9754 
74.0162 
71.816 
71.8162 
74.016 
74.0156 
69.6154 
69.6352 
69.6354 
71.8946 
71.9538 
74.1536 
76.522 
76.5214 
76.521 
76.521 
78.7206 
78.7008 
78.7008 
76.501 
74.133 
69.6742 
69.6942 
69.714 
69.7336 
71.953 
69.7722 
69.8114 
69.8296 
72.0474 
74.454 
78.9514 
76.5622 
78.5738 
76.3736 
76.3934 
80.7928 
78.5726 
80.7728 
76.1856 
76.1852 
75.997 
80.3968 
80.5854 
82.7862 
82.7862 
80.5878 
80.5884 
80.5894 
80.7782 
80.7596 
80.9286 
78.9176 
81.117 
78.9164 
76.6968 
76.6962 
81.0962 
76.507 
78.6858 
78.6644 
80.8236 
80.8022 
76.3018 
76.2608 
78.4196 
78.3786 
76.1374 
78.4256 
78.4052 
76.126 
76.1256 
80.5054 
82.785 
87.185 
87.1852 
84.9858 
84.9862 
89.4464 
89.447 
89.5068 
87.3272 
82.928 
80.7082 
78.5082 
76.3082 
76.1598 
71.7414 
67.3232 
65.1046 
65.086 
60.6474 
60.6288 
62.83 
60.6116 
60.5934 
60.7612 
60.6312 
58.3006 
60.5388 
60.5764 
65.0144 
67.2522 
67.2106 
69.2804 
71.439 
71.3802 
73.6896 
75.9198 
71.4414 
73.4742 
71.2754 
71.2762 
69.0774 
69.2668 
69.3472 
69.4068 
69.4662 
71.7448 
74.0238 
71.9924 
71.992 
69.7916 
69.7912 
67.5704 
67.5696 
67.5692 
69.7692 
67.5698 
67.5698 
69.7694 
69.7096 
71.9098 
71.9694 
71.9694 
69.7696 
69.7694 
67.4 
67.4012 
65.143 
62.8848 
60.686 
58.4474 
58.3296 
58.2718 
56.0138 
53.6454 
56.0726 
56.1692 
58.4658 
58.5624 
63.0588 
63.135 
65.4904 
65.527 
70.0228 
72.4288 
72.2018 
74.4024 
76.6028 
76.6034 
76.6042 
76.3978 
76.3802 
76.4212 
76.4026 
80.7846 
78.7134 
76.434 
74.0256 
76.1474 
75.959 
80.5064 
78.265 
78.224 
75.9234 
71.4232 
73.6618 
71.3326 
69.2808 
66.9702 
64.8598 
62.6598 
62.6594 
62.6592 
62.7186 
60.4296 
55.9922 
60.5618 
64.813 
64.7932 
62.4834 
58.0458 
58.0286 
60.2114 
57.9944 
62.5838 
64.8418 
62.661 
62.87 
62.8696 
65.2392 
67.4378 
67.4162 
65.2538 
71.8914 
74.071 
78.4706 
80.4816 
75.8132 
78.1236 
78.0642 
80.285 
77.9162 
80.0754 
75.5752 
73.3336 
71.0728 
69.0008 
73.5886 
73.606 
75.8436 
75.8612 
80.4488 
75.9208 
78.2206 
76.0608 
73.733 
73.7926 
73.8518 
73.912 
73.9524 
73.9926 
71.8524 
76.4402 
76.3998 
78.6202 
81.0082 
83.2282 
78.6408 
76.4008 
76.36 
74.119 
78.4186 
76.1786 
71.6504 
69.391 
69.3316 
66.923 
69.1222 
71.3412 
73.6004 
78.0402 
75.9196 
78.1386 
80.4464 
80.4842 
80.5224 
80.6902 
83.0582 
80.8582 
76.4186 
74.1988 
71.9988 
69.7988 
69.858 
69.8584 
67.6586 
67.6586 
63.09 
63.0708 
63.0302 
60.8496 
63.0096 
63.029 
65.2488 
67.4686 
69.7078 
71.9466 
76.5346 
78.7738 
81.0338 
81.034 
83.2936 
85.4938 
87.634 
85.4342 
83.1548 
80.936 
80.9358 
78.7354 
76.5356 
76.4756 
74.276 
76.5158 
74.375 
76.5736 
81.053 
80.865 
76.2768 
78.4976 
80.7182 
78.3904 
78.3904 
71.563 
69.345 
67.1272 
67.0884 
67.1972 
71.7068 
71.6674 
71.6272 
76.1952 
71.6068 
76.1764 
75.9672 
75.7982 
71.3384 
69.1384 
64.738 
60.3564 
55.7282 
53.5288 
55.8978 
55.8366 
56.0456 
60.6142 
58.2454 
60.485 
62.7244 
62.5368 
67.165 
67.1636 
67.163 
67.2226 
67.2216 
60.4528 
67.3016 
69.5416 
69.5816 
74.17 
71.9902 
74.2112 
78.6312 
76.3922 
78.5526 
83.0816 
78.6814 
76.4816 
74.0934 
74.0346 
71.7754 
71.7166 
69.458 
69.4582 
67.0696 
62.4808 
60.3192 
64.7174 
71.5238 
73.7802 
80.4566 
78.1258 
75.7958 
73.4658 
73.6732 
76.1404 
78.1126 
78.1124 
78.0934 
73.6944 
66.8876 
69.2776 
73.8666 
76.256 
76.2972 
78.4786 
78.6676 
74.2694 
67.4812 
67.4424 
71.9518 
69.7112 
62.9218 
60.532 
60.5104 
60.4888 
62.6678 
60.2782 
62.6268 
60.278 
55.7688 
53.55 
53.55 
53.55 
53.382 
48.9232 
51.103 
53.451 
53.4502 
55.7976 
60.3454 
64.763 
69.251 
71.5396 
73.8884 
78.3674 
78.3472 
82.707 
84.8674 
86.92 
86.9414 
84.7624 
82.6434 
84.9238 
82.7444 
80.5252 
78.3858 
74.0468 
71.9074 
72.0758 
69.8754 
69.8752 
69.8744 
65.246 
65.267 
65.2674 
60.6792 
60.5104 
64.9108 
62.7112 
62.712 
62.7122 
64.913 
67.3418 
69.5208 
69.3516 
71.7384 
76.3254 
71.7564 
69.4978 
67.2386 
67.0698 
62.6118 
64.7536 
64.7732 
67.1618 
66.915 
62.4374 
60.2868 
64.6856 
66.7746 
66.9824 
66.8702 
64.7072 
62.3178 
57.7284 
57.8382 
57.839 
57.7292 
57.8284 
55.6288 
53.4106 
55.841 
55.9222 
56.151 
58.3514 
56.211 
54.0106 
54.1804 
51.7714 
51.7108 
56.0688 
58.1878 
62.526 
62.446 
64.794 
69.2518 
73.6896 
78.1278 
82.6762 
85.0252 
80.4772 
78.0688 
73.6704 
78.091 
75.9122 
73.5444 
73.5452 
68.997 
64.5954 
62.3068 
64.6166 
62.5262 
60.2866 
53.6474 
51.4082 
51.5574 
49.3578 
53.887 
53.8702 
53.87 
51.5596 
51.599 
51.469 
51.509 
53.5786 
53.5398 
53.4414 
51.2226 
49.0032 
49.1338 
49.2048 
51.504 
53.8934 
58.3118 
60.7006 
60.7788 
63.117 
65.2064 
67.4254 
71.8444 
73.9938 
73.9152 
73.8356 
69.3574 
67.0784 
69.2772 
69.2762 
67.2638 
64.934 
60.3844 
62.7326 
62.8512 
65.1104 
69.6288 
69.748 
67.589 
67.6288 
69.8892 
76.7374 
81.365 
78.9966 
80.9678 
76.5078 
76.3884 
74.0684 
73.84 
71.62 
69.3798 
64.94 
67.1398 
71.7476 
71.9556 
74.2546 
72.0928 
78.8108 
83.4182 
83.4182 
87.818 
90.0176 
85.5978 
83.3976 
83.3376 
85.4774 
87.6774 
85.458 
81.0582 
81.058 
76.6584 
74.4586 
74.4586 
72.2592 
67.7114 
63.2722 
58.8332 
56.5344 
56.4348 
56.3354 
54.0358 
56.0764 
53.7774 
53.6776 
55.8174 
58.0598 
60.2424 
62.5634 
62.4552 
60.2566 
64.6776 
62.5386 
62.4796 
64.6812 
62.5412 
60.1904 
62.2992 
57.6692 
57.8176 
62.256 
62.2148 
62.253 
66.7508 
64.4406 
64.4404 
66.73 
64.6796 
67.029 
67.0296 
69.2308 
69.3112 
69.103 
66.9454 
67.1356 
69.5256 
71.8248 
74.0642 
76.324 
76.174 
71.7344 
69.4352 
69.6052 
67.3252 
65.0452 
64.965 
60.4858 
56.0062 
51.5066 
51.6162 
49.4158 
47.2554 
45.0548 
44.9442 
47.0334 
49.1232 
49.1232 
51.3428 
51.2834 
49.0246 
51.2252 
51.2258 
53.4262 
55.7562 
53.5558 
51.4658 
53.6656 
53.6662 
53.7456 
56.0252 
58.2646 
60.4246 
58.0544 
55.8324 
55.941 
55.9584 
53.7558 
53.7704 
55.9854 
55.9998 
53.649 
53.667 
56.0156 
55.996 
55.9764 
55.9378 
58.0294 
57.903 
55.4972 
57.7594 
57.7586 
57.837 
57.9154 
60.1344 
62.4132 
62.4896 
64.7978 
67.1666 
71.7352 
69.4958 
69.4968 
71.6982 
71.6994 
73.96 
76.0318 
76.056 
73.9182 
71.7204 
71.78 
73.9802 
74.1484 
71.888 
71.8874 
71.8868 
72.0156 
76.3938 
78.5918 
82.9704 
82.9706 
80.7704 
82.9304 
87.39 
89.59 
91.8098 
94.0098 
91.8094 
89.6096 
85.2092 
85.229 
87.4482 
87.4278 
85.2274 
87.4266 
82.9468 
80.7464 
78.5466 
78.4866 
78.4858 
80.6654 
78.4454 
76.1372 
73.9178 
69.4984 
69.3902 
64.8714 
67.0506 
69.142 
66.7742 
62.2064 
59.8388 
59.949 
57.7304 
57.712 
55.512 
57.871 
60.0724 
55.6724 
60.2214 
62.3612 
66.9494 
67.0278 
69.2862 
69.1558 
71.5246 
75.8252 
71.4454 
73.8142 
73.8344 
71.8036 
71.8042 
74.0038 
76.184 
76.3532 
73.9838 
67.3258 
67.268 
67.17 
64.9318 
64.9338 
62.656 
58.1792 
55.9214 
58.003 
62.5522 
62.5008 
62.4986 
62.3678 
64.6036 
69.079 
68.9678 
71.1664 
68.9656 
66.8248 
62.326 
62.4358 
60.2362 
60.4054 
62.5862 
57.9994 
58.11 
60.3102 
60.3302 
58.1506 
60.4306 